###### EXPERIMENT ##########
Experiment Read Write Low Concurrency with 4 workloads
	Initializer(30002ms)->Parallel tasks:1,start immediately,run 1 times
	Publisher(61047ms)->Parallel tasks:10,start after workload Initializer,run 20 times
	Subscriber(61056ms)->Parallel tasks:1,start after workload Initializer,run until Publisher ends
	Unsubscriber(61056ms)->Parallel tasks:1,start after workload Initializer,run until Publisher ends

and additional parameters:
	Base path:/ext/dev/workspace/eventbus-performance/results
	Report base dir:/ext/dev/workspace/eventbus-performance/results/Read Write Low Concurrency/1475853868612/
	Delay after unsubscribing a single batch of listeners:120
	Batch size per publisher:1000
	Number of publisher threads:10
	Delay after subscribing a single batch of listeners:30
	Number of Unsubscriber threads:1
	Listener factory:ListenerFactory{1000 instances of SubTestEventListener | 1000 instances of AllEventsListener | 1000 instances of TestEventListener | }
	Number of batches to process with each publisher:20
	Eventbus:Guava Event Bus
	Number of Subscriber threads:1


##### COLLECTORS ########
subscribe:[1475853804561|9, 1475853804592|1, 1475853804623|1, 1475853804655|2, 1475853804686|1, 1475853804719|1, 1475853804753|1, 1475853804784|1, 1475853804816|1, 1475853804853|7, 1475853804885|1, 1475853804917|2, 1475853804949|2, 1475853804987|2, 1475853805019|2, 1475853805052|2, 1475853805084|2, 1475853805118|2, 1475853805161|13, 1475853805196|5, 1475853805228|2, 1475853805264|3, 1475853805360|25, 1475853805393|2, 1475853805426|2, 1475853805528|17, 1475853805569|10, 1475853805603|3, 1475853805651|2, 1475853805714|10, 1475853805747|2, 1475853805780|2, 1475853805881|22, 1475853805914|2, 1475853805946|2, 1475853806061|6, 1475853806093|2, 1475853806130|4, 1475853806213|18, 1475853806246|2, 1475853806280|3, 1475853806391|39, 1475853806472|46, 1475853806504|2, 1475853806541|6, 1475853806574|3, 1475853806607|2, 1475853806696|2, 1475853806729|3, 1475853806762|2, 1475853806912|60, 1475853806945|2, 1475853806977|2, 1475853807024|2, 1475853807078|14, 1475853807111|3, 1475853807144|2, 1475853807177|2, 1475853807254|7, 1475853807287|2, 1475853807320|1, 1475853807354|2, 1475853807447|15, 1475853807479|2, 1475853807513|2, 1475853807602|33, 1475853807635|2, 1475853807668|3, 1475853807721|1, 1475853807757|5, 1475853807789|2, 1475853807823|3, 1475853807933|40, 1475853807966|3, 1475853807998|2, 1475853808044|3, 1475853808087|11, 1475853808122|3, 1475853808155|2, 1475853808246|15, 1475853808279|2, 1475853808313|3, 1475853808429|47, 1475853808465|3, 1475853808497|2, 1475853808580|11, 1475853808613|3, 1475853808646|2, 1475853808738|14, 1475853808771|2, 1475853808804|2, 1475853808919|18, 1475853808952|3, 1475853808986|3, 1475853809078|15, 1475853809112|2, 1475853809146|3, 1475853809246|10, 1475853809284|3, 1475853809317|3, 1475853809417|24, 1475853809450|3, 1475853809484|2, 1475853809573|28, 1475853809605|2, 1475853809638|2, 1475853809675|2, 1475853809708|3, 1475853809746|7, 1475853809779|2, 1475853809892|26, 1475853809925|2, 1475853809958|2, 1475853809994|3, 1475853810035|9, 1475853810079|14, 1475853810112|2, 1475853810223|20, 1475853810256|3, 1475853810288|2, 1475853810325|2, 1475853810361|5, 1475853810394|3, 1475853810427|2, 1475853810505|32, 1475853810542|6, 1475853810575|2, 1475853810610|3, 1475853810676|5, 1475853810714|7, 1475853810747|2, 1475853810797|3, 1475853810870|12, 1475853810902|2, 1475853810935|2, 1475853811021|22, 1475853811061|3, 1475853811093|2, 1475853811137|6, 1475853811184|12, 1475853811216|2, 1475853811249|2, 1475853811293|2, 1475853811337|2, 1475853811370|2, 1475853811403|2, 1475853811530|46, 1475853811563|2, 1475853811596|3, 1475853811638|2, 1475853811673|2, 1475853811706|2, 1475853811739|2, 1475853811872|18, 1475853811904|2, 1475853811938|3, 1475853812051|32, 1475853812083|2, 1475853812116|2, 1475853812197|8, 1475853812243|8, 1475853812276|2, 1475853812383|6, 1475853812416|3, 1475853812452|3, 1475853812537|10, 1475853812570|3, 1475853812603|2, 1475853812681|8, 1475853812713|2, 1475853812748|3, 1475853812841|22, 1475853812873|2, 1475853812906|2, 1475853812977|2, 1475853813010|2, 1475853813044|3, 1475853813146|3, 1475853813178|2, 1475853813214|3, 1475853813302|28, 1475853813334|2, 1475853813367|2, 1475853813456|9, 1475853813489|3, 1475853813523|3, 1475853813655|35, 1475853813687|2, 1475853813721|3, 1475853813807|2, 1475853813840|2, 1475853813876|2, 1475853813991|23, 1475853814023|2, 1475853814056|2, 1475853814093|2, 1475853814143|12, 1475853814176|3, 1475853814209|3, 1475853814301|28, 1475853814334|2, 1475853814367|2, 1475853814404|4, 1475853814527|20, 1475853814560|3, 1475853814593|2, 1475853814676|5, 1475853814708|2, 1475853814763|2, 1475853814821|17, 1475853814859|7, 1475853814892|3, 1475853814931|3, 1475853815015|10, 1475853815054|3, 1475853815094|8, 1475853815169|13, 1475853815205|2, 1475853815238|2, 1475853815280|2, 1475853815333|2, 1475853815366|3, 1475853815399|2, 1475853815497|3, 1475853815529|2, 1475853815570|4, 1475853815656|11, 1475853815690|3, 1475853815724|3, 1475853815835|7, 1475853815869|2, 1475853815903|2, 1475853816003|31, 1475853816035|2, 1475853816068|2, 1475853816127|2, 1475853816161|4, 1475853816194|3, 1475853816228|2, 1475853816331|17, 1475853816381|19, 1475853816413|2, 1475853816524|13, 1475853816557|3, 1475853816590|2, 1475853816694|2, 1475853816728|3, 1475853816762|3, 1475853816837|4, 1475853816870|2, 1475853816904|3, 1475853817003|14, 1475853817046|3, 1475853817079|2, 1475853817174|9, 1475853817207|3, 1475853817240|2, 1475853817337|23, 1475853817370|2, 1475853817403|2, 1475853817501|22, 1475853817534|2, 1475853817567|2, 1475853817646|14, 1475853817679|3, 1475853817713|3, 1475853817810|14, 1475853817842|2, 1475853817876|2, 1475853817966|13, 1475853817999|2, 1475853818036|6, 1475853818122|15, 1475853818154|2, 1475853818188|2, 1475853818279|25, 1475853818312|3, 1475853818344|2, 1475853818398|3, 1475853818474|36, 1475853818509|2, 1475853818543|2, 1475853818606|12, 1475853818639|3, 1475853818671|2, 1475853818739|1, 1475853818778|8, 1475853818813|2, 1475853818846|2, 1475853818952|19, 1475853818991|9, 1475853819024|3, 1475853819120|10, 1475853819155|5, 1475853819187|2, 1475853819224|3, 1475853819306|12, 1475853819339|3, 1475853819376|5, 1475853819458|10, 1475853819490|2, 1475853819524|2, 1475853819656|66, 1475853819689|2, 1475853819725|2, 1475853819851|53, 1475853819889|2, 1475853819922|3, 1475853820023|33, 1475853820056|3, 1475853820089|2, 1475853820176|3, 1475853820209|3, 1475853820242|2, 1475853820326|23, 1475853820392|36, 1475853820425|3, 1475853820460|2, 1475853820531|9, 1475853820563|2, 1475853820597|3, 1475853820641|9, 1475853820707|20, 1475853820740|3, 1475853820774|2, 1475853820865|22, 1475853820897|2, 1475853820935|4, 1475853821015|12, 1475853821047|2, 1475853821081|2, 1475853821196|19, 1475853821229|2, 1475853821262|2, 1475853821343|19, 1475853821376|3, 1475853821409|3, 1475853821483|6, 1475853821519|5, 1475853821552|2, 1475853821670|21, 1475853821707|2, 1475853821740|2, 1475853821780|3, 1475853821813|3, 1475853821849|2, 1475853821883|2, 1475853821968|5, 1475853822000|2, 1475853822033|3, 1475853822157|8, 1475853822190|3, 1475853822223|2, 1475853822393|14, 1475853822427|4, 1475853822462|3, 1475853822544|12, 1475853822577|3, 1475853822610|3, 1475853822715|19, 1475853822747|2, 1475853822781|3, 1475853822878|18, 1475853822921|13, 1475853822953|2, 1475853822990|2, 1475853823069|15, 1475853823104|5, 1475853823137|2, 1475853823174|3, 1475853823278|24, 1475853823311|3, 1475853823350|5, 1475853823472|13, 1475853823504|2, 1475853823545|2, 1475853823630|10, 1475853823670|10, 1475853823702|2, 1475853823835|11, 1475853823869|3, 1475853823902|3, 1475853824000|7, 1475853824033|2, 1475853824067|3, 1475853824193|45, 1475853824226|2, 1475853824259|2, 1475853824349|6, 1475853824431|52, 1475853824464|2, 1475853824502|2, 1475853824575|21, 1475853824608|3, 1475853824640|2, 1475853824750|29, 1475853824783|3, 1475853824816|2, 1475853824912|32, 1475853824945|3, 1475853824977|2, 1475853825041|6, 1475853825086|15, 1475853825119|3, 1475853825156|4, 1475853825233|21, 1475853825266|3, 1475853825299|3, 1475853825379|4, 1475853825412|2, 1475853825445|2, 1475853825548|17, 1475853825580|2, 1475853825613|2, 1475853825715|10, 1475853825748|3, 1475853825782|3, 1475853825863|2, 1475853825896|3, 1475853825936|2, 1475853826004|3, 1475853826039|4, 1475853826079|10, 1475853826112|2, 1475853826163|10, 1475853826245|7, 1475853826278|2, 1475853826312|3, 1475853826393|8, 1475853826425|2, 1475853826458|2, 1475853826551|10, 1475853826599|9, 1475853826633|4, 1475853826733|47, 1475853826768|2, 1475853826801|2, 1475853826839|3, 1475853826898|17, 1475853826932|4, 1475853826965|3, 1475853827003|2, 1475853827106|22, 1475853827139|2, 1475853827172|2, 1475853827269|32, 1475853827301|2, 1475853827334|2, 1475853827398|5, 1475853827435|6, 1475853827467|2, 1475853827501|3, 1475853827600|20, 1475853827633|3, 1475853827668|2, 1475853827723|2, 1475853827761|8, 1475853827794|2, 1475853827829|3, 1475853827935|16, 1475853827967|1, 1475853828001|2, 1475853828092|3, 1475853828124|2, 1475853828158|2, 1475853828257|11, 1475853828290|3, 1475853828323|3, 1475853828481|62, 1475853828514|3, 1475853828547|2, 1475853828664|20, 1475853828697|3, 1475853828730|2, 1475853828813|7, 1475853828846|2, 1475853828879|1, 1475853828989|28, 1475853829022|3, 1475853829054|2, 1475853829108|14, 1475853829141|3, 1475853829174|2, 1475853829208|2, 1475853829310|15, 1475853829343|3, 1475853829384|3, 1475853829461|17, 1475853829494|2, 1475853829528|3, 1475853829645|38, 1475853829678|3, 1475853829710|2, 1475853829750|3, 1475853829783|3, 1475853829839|26, 1475853829871|2, 1475853829968|10, 1475853830006|3, 1475853830039|3, 1475853830133|18, 1475853830166|2, 1475853830199|3, 1475853830311|58, 1475853830343|2, 1475853830376|2, 1475853830459|5, 1475853830492|2, 1475853830525|2, 1475853830609|14, 1475853830647|7, 1475853830682|2, 1475853830769|4, 1475853830805|2, 1475853830838|2, 1475853830965|18, 1475853830998|3, 1475853831034|5, 1475853831134|15, 1475853831177|3, 1475853831213|4, 1475853831283|25, 1475853831315|2, 1475853831348|1, 1475853831386|1, 1475853831441|2, 1475853831474|2, 1475853831508|3, 1475853831593|13, 1475853831626|2, 1475853831659|2, 1475853831757|12, 1475853831790|3, 1475853831823|2, 1475853831900|12, 1475853831933|2, 1475853831967|2, 1475853832048|2, 1475853832080|2, 1475853832114|2, 1475853832233|38, 1475853832265|2, 1475853832299|3, 1475853832411|16, 1475853832444|3, 1475853832478|2, 1475853832556|12, 1475853832591|1, 1475853832624|2, 1475853832725|36, 1475853832758|2, 1475853832791|2, 1475853832830|2, 1475853832865|2, 1475853832898|2, 1475853832931|2, 1475853833060|45, 1475853833092|2, 1475853833125|2, 1475853833210|17, 1475853833243|2, 1475853833276|2, 1475853833353|9, 1475853833385|2, 1475853833418|2, 1475853833526|17, 1475853833560|3, 1475853833598|6, 1475853833684|28, 1475853833716|2, 1475853833749|2, 1475853833877|58, 1475853833909|2, 1475853833942|2, 1475853833993|2, 1475853834025|2, 1475853834058|2, 1475853834092|2, 1475853834190|13, 1475853834222|2, 1475853834256|2, 1475853834340|23, 1475853834373|2, 1475853834406|3, 1475853834454|3, 1475853834489|4, 1475853834522|3, 1475853834556|3, 1475853834666|13, 1475853834715|19, 1475853834752|2, 1475853834879|27, 1475853834912|2, 1475853834945|2, 1475853835048|13, 1475853835080|2, 1475853835113|2, 1475853835221|6, 1475853835254|2, 1475853835292|2, 1475853835410|7, 1475853835443|2, 1475853835476|2, 1475853835565|14, 1475853835598|2, 1475853835631|2, 1475853835726|4, 1475853835759|2, 1475853835796|2, 1475853835871|22, 1475853835904|3, 1475853835937|3, 1475853836025|35, 1475853836057|2, 1475853836090|3, 1475853836140|2, 1475853836179|8, 1475853836230|21, 1475853836263|2, 1475853836299|1, 1475853836381|23, 1475853836417|2, 1475853836450|2, 1475853836533|2, 1475853836566|2, 1475853836601|2, 1475853836696|4, 1475853836728|2, 1475853836762|2, 1475853836860|23, 1475853836893|3, 1475853836926|3, 1475853837046|16, 1475853837079|2, 1475853837112|1, 1475853837196|18, 1475853837229|3, 1475853837261|2, 1475853837353|2, 1475853837386|2, 1475853837422|4, 1475853837526|32, 1475853837559|3, 1475853837592|2, 1475853837677|7, 1475853837709|2, 1475853837743|3, 1475853837832|7, 1475853837864|2, 1475853837898|2, 1475853838018|55, 1475853838051|2, 1475853838084|2, 1475853838168|2, 1475853838201|3, 1475853838233|2, 1475853838346|33, 1475853838378|2, 1475853838412|3, 1475853838542|50, 1475853838575|2, 1475853838608|3, 1475853838647|1, 1475853838705|14, 1475853838743|7, 1475853838776|2, 1475853838874|10, 1475853838914|9, 1475853838946|2, 1475853838994|1, 1475853839034|9, 1475853839067|3, 1475853839123|23, 1475853839198|28, 1475853839242|12, 1475853839274|2, 1475853839338|3, 1475853839370|2, 1475853839411|2, 1475853839516|42, 1475853839549|2, 1475853839582|3, 1475853839620|2, 1475853839655|4, 1475853839691|2, 1475853839725|2, 1475853839830|16, 1475853839862|2, 1475853839897|2, 1475853839996|21, 1475853840029|2, 1475853840062|2, 1475853840158|16, 1475853840191|2, 1475853840224|2, 1475853840292|1, 1475853840331|8, 1475853840365|2, 1475853840399|3, 1475853840486|2, 1475853840519|2, 1475853840557|3, 1475853840655|28, 1475853840689|3, 1475853840722|2, 1475853840826|9, 1475853840859|2, 1475853840894|2, 1475853840972|18, 1475853841005|3, 1475853841037|2, 1475853841083|3, 1475853841133|12, 1475853841166|2, 1475853841200|3, 1475853841281|10, 1475853841315|4, 1475853841347|2, 1475853841441|14, 1475853841473|2, 1475853841507|2, 1475853841587|6, 1475853841620|2, 1475853841653|2, 1475853841783|53, 1475853841815|2, 1475853841854|3, 1475853841953|11, 1475853841985|2, 1475853842018|2, 1475853842165|10, 1475853842198|3, 1475853842236|7, 1475853842316|24, 1475853842348|2, 1475853842381|2, 1475853842447|1, 1475853842492|13, 1475853842525|3, 1475853842558|2, 1475853842656|12, 1475853842688|2, 1475853842722|3, 1475853842806|6, 1475853842859|22, 1475853842892|2, 1475853842960|1, 1475853842996|4, 1475853843035|8, 1475853843086|21, 1475853843120|3, 1475853843238|14, 1475853843271|2, 1475853843313|11, 1475853843378|10, 1475853843411|2, 1475853843444|2, 1475853843544|30, 1475853843577|3, 1475853843610|2, 1475853843647|2, 1475853843737|3, 1475853843770|2, 1475853843809|4, 1475853843886|14, 1475853843919|2, 1475853843954|2, 1475853844033|6, 1475853844066|3, 1475853844099|2, 1475853844179|2, 1475853844212|3, 1475853844248|2, 1475853844330|11, 1475853844363|2, 1475853844398|2, 1475853844485|9, 1475853844518|2, 1475853844559|8, 1475853844652|20, 1475853844684|2, 1475853844717|2, 1475853844806|12, 1475853844838|2, 1475853844872|2, 1475853845012|50, 1475853845045|3, 1475853845078|2, 1475853845193|24, 1475853845226|3, 1475853845259|3, 1475853845373|36, 1475853845406|3, 1475853845439|3, 1475853845541|23, 1475853845573|2, 1475853845606|2, 1475853845710|15, 1475853845744|4, 1475853845780|3, 1475853845858|7, 1475853845897|9, 1475853845929|1, 1475853846068|42, 1475853846101|3, 1475853846138|3, 1475853846176|3, 1475853846209|2, 1475853846243|3, 1475853846278|3, 1475853846365|13, 1475853846398|3, 1475853846431|3, 1475853846512|17, 1475853846556|13, 1475853846589|2, 1475853846624|2, 1475853846719|8, 1475853846752|3, 1475853846785|2, 1475853846919|42, 1475853846952|3, 1475853846984|2, 1475853847070|24, 1475853847103|2, 1475853847136|2, 1475853847172|2, 1475853847244|3, 1475853847276|2, 1475853847309|2, 1475853847398|15, 1475853847430|2, 1475853847463|2, 1475853847560|17, 1475853847593|3, 1475853847625|2, 1475853847717|23, 1475853847749|2, 1475853847783|3, 1475853847823|4, 1475853847877|8, 1475853847909|2, 1475853847942|2, 1475853847977|2, 1475853848048|5, 1475853848081|3, 1475853848113|2, 1475853848222|18, 1475853848255|2, 1475853848288|2, 1475853848372|19, 1475853848404|2, 1475853848437|2, 1475853848474|3, 1475853848507|2, 1475853848540|2, 1475853848573|3, 1475853848733|42, 1475853848766|2, 1475853848800|3, 1475853848876|6, 1475853848908|2, 1475853848941|2, 1475853849053|21, 1475853849086|2, 1475853849124|2, 1475853849219|10, 1475853849252|3, 1475853849286|2, 1475853849376|13, 1475853849408|2, 1475853849441|2, 1475853849533|3, 1475853849571|8, 1475853849604|2, 1475853849699|2, 1475853849732|3, 1475853849765|2, 1475853849865|27, 1475853849898|2, 1475853849931|3, 1475853850011|9, 1475853850043|2, 1475853850077|3, 1475853850171|12, 1475853850204|2, 1475853850237|2, 1475853850353|32, 1475853850385|2, 1475853850428|7, 1475853850524|9, 1475853850619|35, 1475853850652|3, 1475853850726|4, 1475853850776|15, 1475853850808|2, 1475853850845|4, 1475853850946|23, 1475853850979|2, 1475853851013|3, 1475853851097|6, 1475853851130|3, 1475853851163|2, 1475853851274|43, 1475853851306|2, 1475853851339|2, 1475853851423|26, 1475853851456|2, 1475853851489|3, 1475853851528|1, 1475853851587|22, 1475853851620|2, 1475853851653|2, 1475853851753|2, 1475853851786|3, 1475853851820|3, 1475853851908|5, 1475853851941|2, 1475853851975|2, 1475853852091|36, 1475853852123|2, 1475853852157|3, 1475853852253|27, 1475853852286|3, 1475853852319|2, 1475853852405|19, 1475853852438|3, 1475853852471|3, 1475853852546|7, 1475853852578|2, 1475853852611|2, 1475853852713|2, 1475853852747|1, 1475853852781|2, 1475853852853|15, 1475853852920|31, 1475853852959|8, 1475853853003|2, 1475853853070|20, 1475853853103|3, 1475853853136|3, 1475853853178|2, 1475853853217|6, 1475853853261|13, 1475853853294|3, 1475853853328|1, 1475853853454|9, 1475853853487|2, 1475853853525|2, 1475853853613|9, 1475853853648|5, 1475853853681|3, 1475853853803|23, 1475853853836|2, 1475853853869|3, 1475853853918|7, 1475853853951|2, 1475853853987|4, 1475853854019|2, 1475853854149|38, 1475853854181|2, 1475853854215|3, 1475853854290|17, 1475853854322|2, 1475853854361|2, 1475853854419|7, 1475853854489|13, 1475853854521|2, 1475853854555|2, 1475853854642|5, 1475853854679|6, 1475853854712|3, 1475853854767|3, 1475853854829|16, 1475853854862|3, 1475853854895|2, 1475853854982|7, 1475853855015|2, 1475853855049|2, 1475853855148|16, 1475853855181|2, 1475853855214|2, 1475853855307|15, 1475853855340|2, 1475853855374|3, 1475853855484|55, 1475853855517|3, 1475853855550|3, 1475853855586|2, 1475853855630|7, 1475853855692|31, 1475853855724|2, 1475853855800|7, 1475853855845|15, 1475853855878|3, 1475853855911|2, 1475853855994|23, 1475853856027|3, 1475853856060|3, 1475853856153|13, 1475853856186|2, 1475853856219|2, 1475853856258|2, 1475853856310|7, 1475853856343|2, 1475853856376|3, 1475853856416|2, 1475853856507|41, 1475853856546|9, 1475853856579|2, 1475853856616|2, 1475853856715|21, 1475853856748|3, 1475853856780|2, 1475853856897|22, 1475853856930|3, 1475853856963|2, 1475853857037|5, 1475853857070|3, 1475853857102|2, 1475853857209|14, 1475853857261|18, 1475853857294|3, 1475853857340|3, 1475853857415|7, 1475853857447|2, 1475853857480|2, 1475853857601|29, 1475853857634|3, 1475853857669|3, 1475853857769|25, 1475853857801|2, 1475853857834|2, 1475853857873|2, 1475853857911|8, 1475853857945|2, 1475853857979|3, 1475853858077|26, 1475853858110|3, 1475853858142|2, 1475853858236|9, 1475853858268|2, 1475853858301|2, 1475853858405|31, 1475853858438|2, 1475853858472|3, 1475853858590|23, 1475853858623|2, 1475853858657|2, 1475853858759|36, 1475853858792|3, 1475853858825|3, 1475853858864|2, 1475853858926|18, 1475853858958|1, 1475853858991|2, 1475853859041|12, 1475853859074|3, 1475853859115|8, 1475853859148|3, 1475853859182|2, 1475853859316|59, 1475853859349|3, 1475853859382|3, 1475853859448|13, 1475853859481|2, 1475853859514|3, 1475853859562|15, 1475853859595|2, 1475853859627|2, 1475853859660|2, 1475853859790|12, 1475853859822|2, 1475853859856|3, 1475853859944|29, 1475853859976|2, 1475853860009|2, 1475853860064|14, 1475853860097|3, 1475853860132|3, 1475853860167|2, 1475853860239|16, 1475853860273|3, 1475853860307|4, 1475853860345|2, 1475853860396|17, 1475853860429|3, 1475853860461|2, 1475853860500|3, 1475853860549|6, 1475853860582|3, 1475853860615|3, 1475853860757|50, 1475853860793|6, 1475853860829|2, 1475853860869|2, 1475853860905|6, 1475853860938|3, 1475853860971|2, 1475853861085|2, 1475853861118|2, 1475853861152|2, 1475853861225|28, 1475853861258|3, 1475853861291|2, 1475853861336|2, 1475853861368|2, 1475853861402|3, 1475853861435|2, 1475853861569|2, 1475853861602|2, 1475853861658|2, 1475853861692|4, 1475853861738|16, 1475853861771|3, 1475853861830|10, 1475853861874|13, 1475853861910|6, 1475853861943|3, 1475853861985|2, 1475853862090|39, 1475853862131|11, 1475853862164|2, 1475853862199|3, 1475853862273|8, 1475853862306|3, 1475853862339|3, 1475853862376|3, 1475853862457|14, 1475853862490|2, 1475853862532|2, 1475853862609|25, 1475853862644|5, 1475853862676|2, 1475853862742|10, 1475853862775|2, 1475853862808|3, 1475853862845|2, 1475853862924|25, 1475853862964|9, 1475853862997|3, 1475853863094|16, 1475853863126|2, 1475853863159|2, 1475853863253|12, 1475853863285|2, 1475853863319|2, 1475853863412|9, 1475853863459|16, 1475853863492|2, 1475853863603|9, 1475853863640|6, 1475853863673|2, 1475853863772|11, 1475853863805|2, 1475853863838|2, 1475853863951|12, 1475853863984|2, 1475853864017|2, 1475853864123|27, 1475853864156|3, 1475853864189|3, 1475853864301|30, 1475853864334|2, 1475853864367|3, 1475853864429|13, 1475853864476|17, 1475853864509|3, 1475853864548|8, 1475853864657|8, 1475853864690|2, 1475853864726|3, 1475853864807|11, 1475853864840|2, 1475853864873|2, 1475853864968|14, 1475853865001|3, 1475853865034|3, 1475853865073|3, 1475853865106|2, 1475853865139|2, 1475853865172|2, 1475853865261|6, 1475853865294|3, 1475853865327|2, 1475853865417|13, 1475853865450|3, 1475853865485|4, 1475853865572|8, 1475853865604|2]
subscribe:[1475853804561|9, 1475853804592|1, 1475853804623|1, 1475853804655|2, 1475853804686|1, 1475853804719|1, 1475853804753|1, 1475853804784|1, 1475853804816|1, 1475853804853|7, 1475853804885|1, 1475853804917|2, 1475853804949|2, 1475853804987|2, 1475853805019|2, 1475853805052|2, 1475853805084|2, 1475853805118|2, 1475853805161|13, 1475853805196|5, 1475853805228|2, 1475853805264|3, 1475853805360|25, 1475853805393|2, 1475853805426|2, 1475853805528|17, 1475853805569|10, 1475853805603|3, 1475853805651|2, 1475853805714|10, 1475853805747|2, 1475853805780|2, 1475853805881|22, 1475853805914|2, 1475853805946|2, 1475853806061|6, 1475853806093|2, 1475853806130|4, 1475853806213|18, 1475853806246|2, 1475853806280|3, 1475853806391|39, 1475853806472|46, 1475853806504|2, 1475853806541|6, 1475853806574|3, 1475853806607|2, 1475853806696|2, 1475853806729|3, 1475853806762|2, 1475853806912|60, 1475853806945|2, 1475853806977|2, 1475853807024|2, 1475853807078|14, 1475853807111|3, 1475853807144|2, 1475853807177|2, 1475853807254|7, 1475853807287|2, 1475853807320|1, 1475853807354|2, 1475853807447|15, 1475853807479|2, 1475853807513|2, 1475853807602|33, 1475853807635|2, 1475853807668|3, 1475853807721|1, 1475853807757|5, 1475853807789|2, 1475853807823|3, 1475853807933|40, 1475853807966|3, 1475853807998|2, 1475853808044|3, 1475853808087|11, 1475853808122|3, 1475853808155|2, 1475853808246|15, 1475853808279|2, 1475853808313|3, 1475853808429|47, 1475853808465|3, 1475853808497|2, 1475853808580|11, 1475853808613|3, 1475853808646|2, 1475853808738|14, 1475853808771|2, 1475853808804|2, 1475853808919|18, 1475853808952|3, 1475853808986|3, 1475853809078|15, 1475853809112|2, 1475853809146|3, 1475853809246|10, 1475853809284|3, 1475853809317|3, 1475853809417|24, 1475853809450|3, 1475853809484|2, 1475853809573|28, 1475853809605|2, 1475853809638|2, 1475853809675|2, 1475853809708|3, 1475853809746|7, 1475853809779|2, 1475853809892|26, 1475853809925|2, 1475853809958|2, 1475853809994|3, 1475853810035|9, 1475853810079|14, 1475853810112|2, 1475853810223|20, 1475853810256|3, 1475853810288|2, 1475853810325|2, 1475853810361|5, 1475853810394|3, 1475853810427|2, 1475853810505|32, 1475853810542|6, 1475853810575|2, 1475853810610|3, 1475853810676|5, 1475853810714|7, 1475853810747|2, 1475853810797|3, 1475853810870|12, 1475853810902|2, 1475853810935|2, 1475853811021|22, 1475853811061|3, 1475853811093|2, 1475853811137|6, 1475853811184|12, 1475853811216|2, 1475853811249|2, 1475853811293|2, 1475853811337|2, 1475853811370|2, 1475853811403|2, 1475853811530|46, 1475853811563|2, 1475853811596|3, 1475853811638|2, 1475853811673|2, 1475853811706|2, 1475853811739|2, 1475853811872|18, 1475853811904|2, 1475853811938|3, 1475853812051|32, 1475853812083|2, 1475853812116|2, 1475853812197|8, 1475853812243|8, 1475853812276|2, 1475853812383|6, 1475853812416|3, 1475853812452|3, 1475853812537|10, 1475853812570|3, 1475853812603|2, 1475853812681|8, 1475853812713|2, 1475853812748|3, 1475853812841|22, 1475853812873|2, 1475853812906|2, 1475853812977|2, 1475853813010|2, 1475853813044|3, 1475853813146|3, 1475853813178|2, 1475853813214|3, 1475853813302|28, 1475853813334|2, 1475853813367|2, 1475853813456|9, 1475853813489|3, 1475853813523|3, 1475853813655|35, 1475853813687|2, 1475853813721|3, 1475853813807|2, 1475853813840|2, 1475853813876|2, 1475853813991|23, 1475853814023|2, 1475853814056|2, 1475853814093|2, 1475853814143|12, 1475853814176|3, 1475853814209|3, 1475853814301|28, 1475853814334|2, 1475853814367|2, 1475853814404|4, 1475853814527|20, 1475853814560|3, 1475853814593|2, 1475853814676|5, 1475853814708|2, 1475853814763|2, 1475853814821|17, 1475853814859|7, 1475853814892|3, 1475853814931|3, 1475853815015|10, 1475853815054|3, 1475853815094|8, 1475853815169|13, 1475853815205|2, 1475853815238|2, 1475853815280|2, 1475853815333|2, 1475853815366|3, 1475853815399|2, 1475853815497|3, 1475853815529|2, 1475853815570|4, 1475853815656|11, 1475853815690|3, 1475853815724|3, 1475853815835|7, 1475853815869|2, 1475853815903|2, 1475853816003|31, 1475853816035|2, 1475853816068|2, 1475853816127|2, 1475853816161|4, 1475853816194|3, 1475853816228|2, 1475853816331|17, 1475853816381|19, 1475853816413|2, 1475853816524|13, 1475853816557|3, 1475853816590|2, 1475853816694|2, 1475853816728|3, 1475853816762|3, 1475853816837|4, 1475853816870|2, 1475853816904|3, 1475853817003|14, 1475853817046|3, 1475853817079|2, 1475853817174|9, 1475853817207|3, 1475853817240|2, 1475853817337|23, 1475853817370|2, 1475853817403|2, 1475853817501|22, 1475853817534|2, 1475853817567|2, 1475853817646|14, 1475853817679|3, 1475853817713|3, 1475853817810|14, 1475853817842|2, 1475853817876|2, 1475853817966|13, 1475853817999|2, 1475853818036|6, 1475853818122|15, 1475853818154|2, 1475853818188|2, 1475853818279|25, 1475853818312|3, 1475853818344|2, 1475853818398|3, 1475853818474|36, 1475853818509|2, 1475853818543|2, 1475853818606|12, 1475853818639|3, 1475853818671|2, 1475853818739|1, 1475853818778|8, 1475853818813|2, 1475853818846|2, 1475853818952|19, 1475853818991|9, 1475853819024|3, 1475853819120|10, 1475853819155|5, 1475853819187|2, 1475853819224|3, 1475853819306|12, 1475853819339|3, 1475853819376|5, 1475853819458|10, 1475853819490|2, 1475853819524|2, 1475853819656|66, 1475853819689|2, 1475853819725|2, 1475853819851|53, 1475853819889|2, 1475853819922|3, 1475853820023|33, 1475853820056|3, 1475853820089|2, 1475853820176|3, 1475853820209|3, 1475853820242|2, 1475853820326|23, 1475853820392|36, 1475853820425|3, 1475853820460|2, 1475853820531|9, 1475853820563|2, 1475853820597|3, 1475853820641|9, 1475853820707|20, 1475853820740|3, 1475853820774|2, 1475853820865|22, 1475853820897|2, 1475853820935|4, 1475853821015|12, 1475853821047|2, 1475853821081|2, 1475853821196|19, 1475853821229|2, 1475853821262|2, 1475853821343|19, 1475853821376|3, 1475853821409|3, 1475853821483|6, 1475853821519|5, 1475853821552|2, 1475853821670|21, 1475853821707|2, 1475853821740|2, 1475853821780|3, 1475853821813|3, 1475853821849|2, 1475853821883|2, 1475853821968|5, 1475853822000|2, 1475853822033|3, 1475853822157|8, 1475853822190|3, 1475853822223|2, 1475853822393|14, 1475853822427|4, 1475853822462|3, 1475853822544|12, 1475853822577|3, 1475853822610|3, 1475853822715|19, 1475853822747|2, 1475853822781|3, 1475853822878|18, 1475853822921|13, 1475853822953|2, 1475853822990|2, 1475853823069|15, 1475853823104|5, 1475853823137|2, 1475853823174|3, 1475853823278|24, 1475853823311|3, 1475853823350|5, 1475853823472|13, 1475853823504|2, 1475853823545|2, 1475853823630|10, 1475853823670|10, 1475853823702|2, 1475853823835|11, 1475853823869|3, 1475853823902|3, 1475853824000|7, 1475853824033|2, 1475853824067|3, 1475853824193|45, 1475853824226|2, 1475853824259|2, 1475853824349|6, 1475853824431|52, 1475853824464|2, 1475853824502|2, 1475853824575|21, 1475853824608|3, 1475853824640|2, 1475853824750|29, 1475853824783|3, 1475853824816|2, 1475853824912|32, 1475853824945|3, 1475853824977|2, 1475853825041|6, 1475853825086|15, 1475853825119|3, 1475853825156|4, 1475853825233|21, 1475853825266|3, 1475853825299|3, 1475853825379|4, 1475853825412|2, 1475853825445|2, 1475853825548|17, 1475853825580|2, 1475853825613|2, 1475853825715|10, 1475853825748|3, 1475853825782|3, 1475853825863|2, 1475853825896|3, 1475853825936|2, 1475853826004|3, 1475853826039|4, 1475853826079|10, 1475853826112|2, 1475853826163|10, 1475853826245|7, 1475853826278|2, 1475853826312|3, 1475853826393|8, 1475853826425|2, 1475853826458|2, 1475853826551|10, 1475853826599|9, 1475853826633|4, 1475853826733|47, 1475853826768|2, 1475853826801|2, 1475853826839|3, 1475853826898|17, 1475853826932|4, 1475853826965|3, 1475853827003|2, 1475853827106|22, 1475853827139|2, 1475853827172|2, 1475853827269|32, 1475853827301|2, 1475853827334|2, 1475853827398|5, 1475853827435|6, 1475853827467|2, 1475853827501|3, 1475853827600|20, 1475853827633|3, 1475853827668|2, 1475853827723|2, 1475853827761|8, 1475853827794|2, 1475853827829|3, 1475853827935|16, 1475853827967|1, 1475853828001|2, 1475853828092|3, 1475853828124|2, 1475853828158|2, 1475853828257|11, 1475853828290|3, 1475853828323|3, 1475853828481|62, 1475853828514|3, 1475853828547|2, 1475853828664|20, 1475853828697|3, 1475853828730|2, 1475853828813|7, 1475853828846|2, 1475853828879|1, 1475853828989|28, 1475853829022|3, 1475853829054|2, 1475853829108|14, 1475853829141|3, 1475853829174|2, 1475853829208|2, 1475853829310|15, 1475853829343|3, 1475853829384|3, 1475853829461|17, 1475853829494|2, 1475853829528|3, 1475853829645|38, 1475853829678|3, 1475853829710|2, 1475853829750|3, 1475853829783|3, 1475853829839|26, 1475853829871|2, 1475853829968|10, 1475853830006|3, 1475853830039|3, 1475853830133|18, 1475853830166|2, 1475853830199|3, 1475853830311|58, 1475853830343|2, 1475853830376|2, 1475853830459|5, 1475853830492|2, 1475853830525|2, 1475853830609|14, 1475853830647|7, 1475853830682|2, 1475853830769|4, 1475853830805|2, 1475853830838|2, 1475853830965|18, 1475853830998|3, 1475853831034|5, 1475853831134|15, 1475853831177|3, 1475853831213|4, 1475853831283|25, 1475853831315|2, 1475853831348|1, 1475853831386|1, 1475853831441|2, 1475853831474|2, 1475853831508|3, 1475853831593|13, 1475853831626|2, 1475853831659|2, 1475853831757|12, 1475853831790|3, 1475853831823|2, 1475853831900|12, 1475853831933|2, 1475853831967|2, 1475853832048|2, 1475853832080|2, 1475853832114|2, 1475853832233|38, 1475853832265|2, 1475853832299|3, 1475853832411|16, 1475853832444|3, 1475853832478|2, 1475853832556|12, 1475853832591|1, 1475853832624|2, 1475853832725|36, 1475853832758|2, 1475853832791|2, 1475853832830|2, 1475853832865|2, 1475853832898|2, 1475853832931|2, 1475853833060|45, 1475853833092|2, 1475853833125|2, 1475853833210|17, 1475853833243|2, 1475853833276|2, 1475853833353|9, 1475853833385|2, 1475853833418|2, 1475853833526|17, 1475853833560|3, 1475853833598|6, 1475853833684|28, 1475853833716|2, 1475853833749|2, 1475853833877|58, 1475853833909|2, 1475853833942|2, 1475853833993|2, 1475853834025|2, 1475853834058|2, 1475853834092|2, 1475853834190|13, 1475853834222|2, 1475853834256|2, 1475853834340|23, 1475853834373|2, 1475853834406|3, 1475853834454|3, 1475853834489|4, 1475853834522|3, 1475853834556|3, 1475853834666|13, 1475853834715|19, 1475853834752|2, 1475853834879|27, 1475853834912|2, 1475853834945|2, 1475853835048|13, 1475853835080|2, 1475853835113|2, 1475853835221|6, 1475853835254|2, 1475853835292|2, 1475853835410|7, 1475853835443|2, 1475853835476|2, 1475853835565|14, 1475853835598|2, 1475853835631|2, 1475853835726|4, 1475853835759|2, 1475853835796|2, 1475853835871|22, 1475853835904|3, 1475853835937|3, 1475853836025|35, 1475853836057|2, 1475853836090|3, 1475853836140|2, 1475853836179|8, 1475853836230|21, 1475853836263|2, 1475853836299|1, 1475853836381|23, 1475853836417|2, 1475853836450|2, 1475853836533|2, 1475853836566|2, 1475853836601|2, 1475853836696|4, 1475853836728|2, 1475853836762|2, 1475853836860|23, 1475853836893|3, 1475853836926|3, 1475853837046|16, 1475853837079|2, 1475853837112|1, 1475853837196|18, 1475853837229|3, 1475853837261|2, 1475853837353|2, 1475853837386|2, 1475853837422|4, 1475853837526|32, 1475853837559|3, 1475853837592|2, 1475853837677|7, 1475853837709|2, 1475853837743|3, 1475853837832|7, 1475853837864|2, 1475853837898|2, 1475853838018|55, 1475853838051|2, 1475853838084|2, 1475853838168|2, 1475853838201|3, 1475853838233|2, 1475853838346|33, 1475853838378|2, 1475853838412|3, 1475853838542|50, 1475853838575|2, 1475853838608|3, 1475853838647|1, 1475853838705|14, 1475853838743|7, 1475853838776|2, 1475853838874|10, 1475853838914|9, 1475853838946|2, 1475853838994|1, 1475853839034|9, 1475853839067|3, 1475853839123|23, 1475853839198|28, 1475853839242|12, 1475853839274|2, 1475853839338|3, 1475853839370|2, 1475853839411|2, 1475853839516|42, 1475853839549|2, 1475853839582|3, 1475853839620|2, 1475853839655|4, 1475853839691|2, 1475853839725|2, 1475853839830|16, 1475853839862|2, 1475853839897|2, 1475853839996|21, 1475853840029|2, 1475853840062|2, 1475853840158|16, 1475853840191|2, 1475853840224|2, 1475853840292|1, 1475853840331|8, 1475853840365|2, 1475853840399|3, 1475853840486|2, 1475853840519|2, 1475853840557|3, 1475853840655|28, 1475853840689|3, 1475853840722|2, 1475853840826|9, 1475853840859|2, 1475853840894|2, 1475853840972|18, 1475853841005|3, 1475853841037|2, 1475853841083|3, 1475853841133|12, 1475853841166|2, 1475853841200|3, 1475853841281|10, 1475853841315|4, 1475853841347|2, 1475853841441|14, 1475853841473|2, 1475853841507|2, 1475853841587|6, 1475853841620|2, 1475853841653|2, 1475853841783|53, 1475853841815|2, 1475853841854|3, 1475853841953|11, 1475853841985|2, 1475853842018|2, 1475853842165|10, 1475853842198|3, 1475853842236|7, 1475853842316|24, 1475853842348|2, 1475853842381|2, 1475853842447|1, 1475853842492|13, 1475853842525|3, 1475853842558|2, 1475853842656|12, 1475853842688|2, 1475853842722|3, 1475853842806|6, 1475853842859|22, 1475853842892|2, 1475853842960|1, 1475853842996|4, 1475853843035|8, 1475853843086|21, 1475853843120|3, 1475853843238|14, 1475853843271|2, 1475853843313|11, 1475853843378|10, 1475853843411|2, 1475853843444|2, 1475853843544|30, 1475853843577|3, 1475853843610|2, 1475853843647|2, 1475853843737|3, 1475853843770|2, 1475853843809|4, 1475853843886|14, 1475853843919|2, 1475853843954|2, 1475853844033|6, 1475853844066|3, 1475853844099|2, 1475853844179|2, 1475853844212|3, 1475853844248|2, 1475853844330|11, 1475853844363|2, 1475853844398|2, 1475853844485|9, 1475853844518|2, 1475853844559|8, 1475853844652|20, 1475853844684|2, 1475853844717|2, 1475853844806|12, 1475853844838|2, 1475853844872|2, 1475853845012|50, 1475853845045|3, 1475853845078|2, 1475853845193|24, 1475853845226|3, 1475853845259|3, 1475853845373|36, 1475853845406|3, 1475853845439|3, 1475853845541|23, 1475853845573|2, 1475853845606|2, 1475853845710|15, 1475853845744|4, 1475853845780|3, 1475853845858|7, 1475853845897|9, 1475853845929|1, 1475853846068|42, 1475853846101|3, 1475853846138|3, 1475853846176|3, 1475853846209|2, 1475853846243|3, 1475853846278|3, 1475853846365|13, 1475853846398|3, 1475853846431|3, 1475853846512|17, 1475853846556|13, 1475853846589|2, 1475853846624|2, 1475853846719|8, 1475853846752|3, 1475853846785|2, 1475853846919|42, 1475853846952|3, 1475853846984|2, 1475853847070|24, 1475853847103|2, 1475853847136|2, 1475853847172|2, 1475853847244|3, 1475853847276|2, 1475853847309|2, 1475853847398|15, 1475853847430|2, 1475853847463|2, 1475853847560|17, 1475853847593|3, 1475853847625|2, 1475853847717|23, 1475853847749|2, 1475853847783|3, 1475853847823|4, 1475853847877|8, 1475853847909|2, 1475853847942|2, 1475853847977|2, 1475853848048|5, 1475853848081|3, 1475853848113|2, 1475853848222|18, 1475853848255|2, 1475853848288|2, 1475853848372|19, 1475853848404|2, 1475853848437|2, 1475853848474|3, 1475853848507|2, 1475853848540|2, 1475853848573|3, 1475853848733|42, 1475853848766|2, 1475853848800|3, 1475853848876|6, 1475853848908|2, 1475853848941|2, 1475853849053|21, 1475853849086|2, 1475853849124|2, 1475853849219|10, 1475853849252|3, 1475853849286|2, 1475853849376|13, 1475853849408|2, 1475853849441|2, 1475853849533|3, 1475853849571|8, 1475853849604|2, 1475853849699|2, 1475853849732|3, 1475853849765|2, 1475853849865|27, 1475853849898|2, 1475853849931|3, 1475853850011|9, 1475853850043|2, 1475853850077|3, 1475853850171|12, 1475853850204|2, 1475853850237|2, 1475853850353|32, 1475853850385|2, 1475853850428|7, 1475853850524|9, 1475853850619|35, 1475853850652|3, 1475853850726|4, 1475853850776|15, 1475853850808|2, 1475853850845|4, 1475853850946|23, 1475853850979|2, 1475853851013|3, 1475853851097|6, 1475853851130|3, 1475853851163|2, 1475853851274|43, 1475853851306|2, 1475853851339|2, 1475853851423|26, 1475853851456|2, 1475853851489|3, 1475853851528|1, 1475853851587|22, 1475853851620|2, 1475853851653|2, 1475853851753|2, 1475853851786|3, 1475853851820|3, 1475853851908|5, 1475853851941|2, 1475853851975|2, 1475853852091|36, 1475853852123|2, 1475853852157|3, 1475853852253|27, 1475853852286|3, 1475853852319|2, 1475853852405|19, 1475853852438|3, 1475853852471|3, 1475853852546|7, 1475853852578|2, 1475853852611|2, 1475853852713|2, 1475853852747|1, 1475853852781|2, 1475853852853|15, 1475853852920|31, 1475853852959|8, 1475853853003|2, 1475853853070|20, 1475853853103|3, 1475853853136|3, 1475853853178|2, 1475853853217|6, 1475853853261|13, 1475853853294|3, 1475853853328|1, 1475853853454|9, 1475853853487|2, 1475853853525|2, 1475853853613|9, 1475853853648|5, 1475853853681|3, 1475853853803|23, 1475853853836|2, 1475853853869|3, 1475853853918|7, 1475853853951|2, 1475853853987|4, 1475853854019|2, 1475853854149|38, 1475853854181|2, 1475853854215|3, 1475853854290|17, 1475853854322|2, 1475853854361|2, 1475853854419|7, 1475853854489|13, 1475853854521|2, 1475853854555|2, 1475853854642|5, 1475853854679|6, 1475853854712|3, 1475853854767|3, 1475853854829|16, 1475853854862|3, 1475853854895|2, 1475853854982|7, 1475853855015|2, 1475853855049|2, 1475853855148|16, 1475853855181|2, 1475853855214|2, 1475853855307|15, 1475853855340|2, 1475853855374|3, 1475853855484|55, 1475853855517|3, 1475853855550|3, 1475853855586|2, 1475853855630|7, 1475853855692|31, 1475853855724|2, 1475853855800|7, 1475853855845|15, 1475853855878|3, 1475853855911|2, 1475853855994|23, 1475853856027|3, 1475853856060|3, 1475853856153|13, 1475853856186|2, 1475853856219|2, 1475853856258|2, 1475853856310|7, 1475853856343|2, 1475853856376|3, 1475853856416|2, 1475853856507|41, 1475853856546|9, 1475853856579|2, 1475853856616|2, 1475853856715|21, 1475853856748|3, 1475853856780|2, 1475853856897|22, 1475853856930|3, 1475853856963|2, 1475853857037|5, 1475853857070|3, 1475853857102|2, 1475853857209|14, 1475853857261|18, 1475853857294|3, 1475853857340|3, 1475853857415|7, 1475853857447|2, 1475853857480|2, 1475853857601|29, 1475853857634|3, 1475853857669|3, 1475853857769|25, 1475853857801|2, 1475853857834|2, 1475853857873|2, 1475853857911|8, 1475853857945|2, 1475853857979|3, 1475853858077|26, 1475853858110|3, 1475853858142|2, 1475853858236|9, 1475853858268|2, 1475853858301|2, 1475853858405|31, 1475853858438|2, 1475853858472|3, 1475853858590|23, 1475853858623|2, 1475853858657|2, 1475853858759|36, 1475853858792|3, 1475853858825|3, 1475853858864|2, 1475853858926|18, 1475853858958|1, 1475853858991|2, 1475853859041|12, 1475853859074|3, 1475853859115|8, 1475853859148|3, 1475853859182|2, 1475853859316|59, 1475853859349|3, 1475853859382|3, 1475853859448|13, 1475853859481|2, 1475853859514|3, 1475853859562|15, 1475853859595|2, 1475853859627|2, 1475853859660|2, 1475853859790|12, 1475853859822|2, 1475853859856|3, 1475853859944|29, 1475853859976|2, 1475853860009|2, 1475853860064|14, 1475853860097|3, 1475853860132|3, 1475853860167|2, 1475853860239|16, 1475853860273|3, 1475853860307|4, 1475853860345|2, 1475853860396|17, 1475853860429|3, 1475853860461|2, 1475853860500|3, 1475853860549|6, 1475853860582|3, 1475853860615|3, 1475853860757|50, 1475853860793|6, 1475853860829|2, 1475853860869|2, 1475853860905|6, 1475853860938|3, 1475853860971|2, 1475853861085|2, 1475853861118|2, 1475853861152|2, 1475853861225|28, 1475853861258|3, 1475853861291|2, 1475853861336|2, 1475853861368|2, 1475853861402|3, 1475853861435|2, 1475853861569|2, 1475853861602|2, 1475853861658|2, 1475853861692|4, 1475853861738|16, 1475853861771|3, 1475853861830|10, 1475853861874|13, 1475853861910|6, 1475853861943|3, 1475853861985|2, 1475853862090|39, 1475853862131|11, 1475853862164|2, 1475853862199|3, 1475853862273|8, 1475853862306|3, 1475853862339|3, 1475853862376|3, 1475853862457|14, 1475853862490|2, 1475853862532|2, 1475853862609|25, 1475853862644|5, 1475853862676|2, 1475853862742|10, 1475853862775|2, 1475853862808|3, 1475853862845|2, 1475853862924|25, 1475853862964|9, 1475853862997|3, 1475853863094|16, 1475853863126|2, 1475853863159|2, 1475853863253|12, 1475853863285|2, 1475853863319|2, 1475853863412|9, 1475853863459|16, 1475853863492|2, 1475853863603|9, 1475853863640|6, 1475853863673|2, 1475853863772|11, 1475853863805|2, 1475853863838|2, 1475853863951|12, 1475853863984|2, 1475853864017|2, 1475853864123|27, 1475853864156|3, 1475853864189|3, 1475853864301|30, 1475853864334|2, 1475853864367|3, 1475853864429|13, 1475853864476|17, 1475853864509|3, 1475853864548|8, 1475853864657|8, 1475853864690|2, 1475853864726|3, 1475853864807|11, 1475853864840|2, 1475853864873|2, 1475853864968|14, 1475853865001|3, 1475853865034|3, 1475853865073|3, 1475853865106|2, 1475853865139|2, 1475853865172|2, 1475853865261|6, 1475853865294|3, 1475853865327|2, 1475853865417|13, 1475853865450|3, 1475853865485|4, 1475853865572|8, 1475853865604|2]
unsubscribe:[1475853804566|10, 1475853804701|15, 1475853804865|44, 1475853805022|37, 1475853805203|61, 1475853805374|51, 1475853805571|77, 1475853805726|34, 1475853805907|61, 1475853806057|30, 1475853806230|53, 1475853806384|34, 1475853806559|55, 1475853806730|51, 1475853806934|84, 1475853807122|64, 1475853807299|57, 1475853807447|28, 1475853807617|50, 1475853807771|34, 1475853807941|50, 1475853808100|38, 1475853808253|32, 1475853808438|65, 1475853808590|32, 1475853808761|51, 1475853808933|51, 1475853809105|51, 1475853809257|31, 1475853809424|47, 1475853809578|34, 1475853809744|46, 1475853809898|33, 1475853810081|63, 1475853810228|27, 1475853810395|46, 1475853810547|31, 1475853810720|51, 1475853810877|37, 1475853811050|53, 1475853811204|34, 1475853811362|35, 1475853811546|64, 1475853811698|31, 1475853811897|69, 1475853812053|36, 1475853812241|68, 1475853812396|35, 1475853812539|23, 1475853812687|28, 1475853812842|35, 1475853812985|23, 1475853813140|35, 1475853813322|62, 1475853813482|40, 1475853813666|64, 1475853813844|58, 1475853814007|43, 1475853814145|15, 1475853814359|90, 1475853814528|49, 1475853814680|32, 1475853814865|65, 1475853815013|28, 1475853815199|66, 1475853815341|22, 1475853815494|33, 1475853815684|70, 1475853815848|44, 1475853816015|47, 1475853816166|31, 1475853816381|95, 1475853816547|46, 1475853816703|35, 1475853816858|35, 1475853817032|54, 1475853817189|37, 1475853817349|40, 1475853817510|41, 1475853817653|23, 1475853817818|45, 1475853817976|38, 1475853818132|36, 1475853818282|30, 1475853818472|70, 1475853818635|43, 1475853818800|45, 1475853818988|65, 1475853819157|49, 1475853819316|39, 1475853819468|32, 1475853819668|80, 1475853819858|62, 1475853820028|50, 1475853820181|33, 1475853820400|99, 1475853820543|23, 1475853820721|58, 1475853820878|37, 1475853821032|34, 1475853821202|50, 1475853821344|22, 1475853821527|63, 1475853821678|31, 1475853821839|40, 1475853821998|38, 1475853822208|87, 1475853822408|79, 1475853822553|25, 1475853822728|55, 1475853822932|74, 1475853823115|63, 1475853823279|44, 1475853823492|91, 1475853823686|74, 1475853823856|50, 1475853824016|40, 1475853824211|74, 1475853824430|99, 1475853824599|48, 1475853824756|36, 1475853824936|59, 1475853825085|28, 1475853825250|44, 1475853825409|39, 1475853825574|45, 1475853825728|34, 1475853825870|22, 1475853826099|108, 1475853826260|41, 1475853826419|39, 1475853826564|25, 1475853826757|73, 1475853826940|62, 1475853827113|53, 1475853827293|60, 1475853827459|45, 1475853827611|32, 1475853827787|56, 1475853827949|42, 1475853828108|37, 1475853828286|58, 1475853828501|94, 1475853828674|53, 1475853828838|44, 1475853828992|33, 1475853829167|55, 1475853829316|29, 1475853829485|48, 1475853829655|50, 1475853829836|61, 1475853829991|35, 1475853830131|18, 1475853830316|65, 1475853830468|32, 1475853830613|24, 1475853830800|67, 1475853830974|54, 1475853831136|42, 1475853831303|47, 1475853831446|23, 1475853831600|33, 1475853831759|36, 1475853831907|28, 1475853832060|33, 1475853832240|60, 1475853832414|54, 1475853832565|31, 1475853832738|52, 1475853832892|34, 1475853833064|50, 1475853833215|31, 1475853833359|24, 1475853833534|55, 1475853833695|40, 1475853833881|64, 1475853834035|34, 1475853834195|40, 1475853834344|29, 1475853834520|56, 1475853834717|77, 1475853834900|57, 1475853835057|37, 1475853835258|81, 1475853835416|38, 1475853835571|35, 1475853835724|33, 1475853835870|25, 1475853836044|54, 1475853836233|68, 1475853836389|36, 1475853836559|50, 1475853836706|27, 1475853836886|60, 1475853837040|34, 1475853837208|48, 1475853837360|31, 1475853837535|55, 1475853837685|30, 1475853837840|35, 1475853838029|69, 1475853838184|35, 1475853838370|64, 1475853838557|67, 1475853838741|56, 1475853838881|20, 1475853839042|41, 1475853839196|34, 1475853839345|29, 1475853839521|56, 1475853839675|34, 1475853839834|39, 1475853840013|58, 1475853840187|54, 1475853840348|40, 1475853840493|25, 1475853840662|49, 1475853840829|47, 1475853840985|35, 1475853841143|38, 1475853841293|30, 1475853841449|36, 1475853841594|25, 1475853841809|95, 1475853841977|47, 1475853842170|73, 1475853842329|39, 1475853842511|61, 1475853842662|31, 1475853842867|85, 1475853843095|107, 1475853843244|29, 1475853843397|33, 1475853843580|63, 1475853843735|35, 1475853843890|35, 1475853844043|33, 1475853844186|23, 1475853844335|28, 1475853844487|32, 1475853844657|50, 1475853844818|41, 1475853845040|102, 1475853845197|37, 1475853845393|76, 1475853845553|40, 1475853845711|38, 1475853845904|73, 1475853846081|57, 1475853846227|26, 1475853846371|24, 1475853846576|85, 1475853846747|51, 1475853846924|57, 1475853847099|55, 1475853847252|33, 1475853847416|44, 1475853847569|29, 1475853847746|56, 1475853847913|47, 1475853848076|42, 1475853848230|34, 1475853848381|31, 1475853848545|44, 1475853848734|69, 1475853848900|46, 1475853849074|54, 1475853849223|29, 1475853849380|37, 1475853849563|63, 1475853849711|28, 1475853849870|39, 1475853850020|30, 1475853850197|55, 1475853850355|38, 1475853850612|137, 1475853850777|45, 1475853850956|57, 1475853851109|33, 1475853851275|46, 1475853851430|35, 1475853851594|43, 1475853851760|41, 1475853851915|35, 1475853852097|58, 1475853852256|39, 1475853852407|31, 1475853852566|39, 1475853852716|30, 1475853852929|93, 1475853853087|38, 1475853853308|101, 1475853853469|41, 1475853853658|69, 1475853853824|46, 1475853853988|44, 1475853854146|37, 1475853854316|45, 1475853854501|65, 1475853854683|62, 1475853854839|36, 1475853855000|41, 1475853855164|44, 1475853855309|25, 1475853855497|68, 1475853855685|66, 1475853855844|38, 1475853856014|47, 1475853856182|47, 1475853856343|41, 1475853856550|87, 1475853856725|55, 1475853856906|61, 1475853857073|47, 1475853857262|69, 1475853857442|56, 1475853857622|60, 1475853857770|28, 1475853857922|32, 1475853858099|57, 1475853858243|24, 1475853858421|58, 1475853858600|49, 1475853858773|53, 1475853858941|46, 1475853859127|62, 1475853859311|57, 1475853859453|22, 1475853859623|50, 1475853859793|50, 1475853859948|35, 1475853860101|33, 1475853860257|36, 1475853860411|34, 1475853860574|39, 1475853860765|71, 1475853860934|49, 1475853861075|20, 1475853861240|45, 1475853861412|52, 1475853861563|30, 1475853861735|51, 1475853861928|69, 1475853862143|94, 1475853862307|44, 1475853862462|35, 1475853862614|32, 1475853862766|31, 1475853862954|68, 1475853863101|27, 1475853863272|51, 1475853863461|69, 1475853863630|49, 1475853863792|42, 1475853863972|60, 1475853864144|52, 1475853864319|55, 1475853864504|64, 1475853864674|50, 1475853864832|38, 1475853864974|21, 1475853865121|27, 1475853865274|33, 1475853865428|34, 1475853865580|32]
unsubscribe:[1475853804566|10, 1475853804701|15, 1475853804865|44, 1475853805022|37, 1475853805203|61, 1475853805374|51, 1475853805571|77, 1475853805726|34, 1475853805907|61, 1475853806057|30, 1475853806230|53, 1475853806384|34, 1475853806559|55, 1475853806730|51, 1475853806934|84, 1475853807122|64, 1475853807299|57, 1475853807447|28, 1475853807617|50, 1475853807771|34, 1475853807941|50, 1475853808100|38, 1475853808253|32, 1475853808438|65, 1475853808590|32, 1475853808761|51, 1475853808933|51, 1475853809105|51, 1475853809257|31, 1475853809424|47, 1475853809578|34, 1475853809744|46, 1475853809898|33, 1475853810081|63, 1475853810228|27, 1475853810395|46, 1475853810547|31, 1475853810720|51, 1475853810877|37, 1475853811050|53, 1475853811204|34, 1475853811362|35, 1475853811546|64, 1475853811698|31, 1475853811897|69, 1475853812053|36, 1475853812241|68, 1475853812396|35, 1475853812539|23, 1475853812687|28, 1475853812842|35, 1475853812985|23, 1475853813140|35, 1475853813322|62, 1475853813482|40, 1475853813666|64, 1475853813844|58, 1475853814007|43, 1475853814145|15, 1475853814359|90, 1475853814528|49, 1475853814680|32, 1475853814865|65, 1475853815013|28, 1475853815199|66, 1475853815341|22, 1475853815494|33, 1475853815684|70, 1475853815848|44, 1475853816015|47, 1475853816166|31, 1475853816381|95, 1475853816547|46, 1475853816703|35, 1475853816858|35, 1475853817032|54, 1475853817189|37, 1475853817349|40, 1475853817510|41, 1475853817653|23, 1475853817818|45, 1475853817976|38, 1475853818132|36, 1475853818282|30, 1475853818472|70, 1475853818635|43, 1475853818800|45, 1475853818988|65, 1475853819157|49, 1475853819316|39, 1475853819468|32, 1475853819668|80, 1475853819858|62, 1475853820028|50, 1475853820181|33, 1475853820400|99, 1475853820543|23, 1475853820721|58, 1475853820878|37, 1475853821032|34, 1475853821202|50, 1475853821344|22, 1475853821527|63, 1475853821678|31, 1475853821839|40, 1475853821998|38, 1475853822208|87, 1475853822408|79, 1475853822553|25, 1475853822728|55, 1475853822932|74, 1475853823115|63, 1475853823279|44, 1475853823492|91, 1475853823686|74, 1475853823856|50, 1475853824016|40, 1475853824211|74, 1475853824430|99, 1475853824599|48, 1475853824756|36, 1475853824936|59, 1475853825085|28, 1475853825250|44, 1475853825409|39, 1475853825574|45, 1475853825728|34, 1475853825870|22, 1475853826099|108, 1475853826260|41, 1475853826419|39, 1475853826564|25, 1475853826757|73, 1475853826940|62, 1475853827113|53, 1475853827293|60, 1475853827459|45, 1475853827611|32, 1475853827787|56, 1475853827949|42, 1475853828108|37, 1475853828286|58, 1475853828501|94, 1475853828674|53, 1475853828838|44, 1475853828992|33, 1475853829167|55, 1475853829316|29, 1475853829485|48, 1475853829655|50, 1475853829836|61, 1475853829991|35, 1475853830131|18, 1475853830316|65, 1475853830468|32, 1475853830613|24, 1475853830800|67, 1475853830974|54, 1475853831136|42, 1475853831303|47, 1475853831446|23, 1475853831600|33, 1475853831759|36, 1475853831907|28, 1475853832060|33, 1475853832240|60, 1475853832414|54, 1475853832565|31, 1475853832738|52, 1475853832892|34, 1475853833064|50, 1475853833215|31, 1475853833359|24, 1475853833534|55, 1475853833695|40, 1475853833881|64, 1475853834035|34, 1475853834195|40, 1475853834344|29, 1475853834520|56, 1475853834717|77, 1475853834900|57, 1475853835057|37, 1475853835258|81, 1475853835416|38, 1475853835571|35, 1475853835724|33, 1475853835870|25, 1475853836044|54, 1475853836233|68, 1475853836389|36, 1475853836559|50, 1475853836706|27, 1475853836886|60, 1475853837040|34, 1475853837208|48, 1475853837360|31, 1475853837535|55, 1475853837685|30, 1475853837840|35, 1475853838029|69, 1475853838184|35, 1475853838370|64, 1475853838557|67, 1475853838741|56, 1475853838881|20, 1475853839042|41, 1475853839196|34, 1475853839345|29, 1475853839521|56, 1475853839675|34, 1475853839834|39, 1475853840013|58, 1475853840187|54, 1475853840348|40, 1475853840493|25, 1475853840662|49, 1475853840829|47, 1475853840985|35, 1475853841143|38, 1475853841293|30, 1475853841449|36, 1475853841594|25, 1475853841809|95, 1475853841977|47, 1475853842170|73, 1475853842329|39, 1475853842511|61, 1475853842662|31, 1475853842867|85, 1475853843095|107, 1475853843244|29, 1475853843397|33, 1475853843580|63, 1475853843735|35, 1475853843890|35, 1475853844043|33, 1475853844186|23, 1475853844335|28, 1475853844487|32, 1475853844657|50, 1475853844818|41, 1475853845040|102, 1475853845197|37, 1475853845393|76, 1475853845553|40, 1475853845711|38, 1475853845904|73, 1475853846081|57, 1475853846227|26, 1475853846371|24, 1475853846576|85, 1475853846747|51, 1475853846924|57, 1475853847099|55, 1475853847252|33, 1475853847416|44, 1475853847569|29, 1475853847746|56, 1475853847913|47, 1475853848076|42, 1475853848230|34, 1475853848381|31, 1475853848545|44, 1475853848734|69, 1475853848900|46, 1475853849074|54, 1475853849223|29, 1475853849380|37, 1475853849563|63, 1475853849711|28, 1475853849870|39, 1475853850020|30, 1475853850197|55, 1475853850355|38, 1475853850612|137, 1475853850777|45, 1475853850956|57, 1475853851109|33, 1475853851275|46, 1475853851430|35, 1475853851594|43, 1475853851760|41, 1475853851915|35, 1475853852097|58, 1475853852256|39, 1475853852407|31, 1475853852566|39, 1475853852716|30, 1475853852929|93, 1475853853087|38, 1475853853308|101, 1475853853469|41, 1475853853658|69, 1475853853824|46, 1475853853988|44, 1475853854146|37, 1475853854316|45, 1475853854501|65, 1475853854683|62, 1475853854839|36, 1475853855000|41, 1475853855164|44, 1475853855309|25, 1475853855497|68, 1475853855685|66, 1475853855844|38, 1475853856014|47, 1475853856182|47, 1475853856343|41, 1475853856550|87, 1475853856725|55, 1475853856906|61, 1475853857073|47, 1475853857262|69, 1475853857442|56, 1475853857622|60, 1475853857770|28, 1475853857922|32, 1475853858099|57, 1475853858243|24, 1475853858421|58, 1475853858600|49, 1475853858773|53, 1475853858941|46, 1475853859127|62, 1475853859311|57, 1475853859453|22, 1475853859623|50, 1475853859793|50, 1475853859948|35, 1475853860101|33, 1475853860257|36, 1475853860411|34, 1475853860574|39, 1475853860765|71, 1475853860934|49, 1475853861075|20, 1475853861240|45, 1475853861412|52, 1475853861563|30, 1475853861735|51, 1475853861928|69, 1475853862143|94, 1475853862307|44, 1475853862462|35, 1475853862614|32, 1475853862766|31, 1475853862954|68, 1475853863101|27, 1475853863272|51, 1475853863461|69, 1475853863630|49, 1475853863792|42, 1475853863972|60, 1475853864144|52, 1475853864319|55, 1475853864504|64, 1475853864674|50, 1475853864832|38, 1475853864974|21, 1475853865121|27, 1475853865274|33, 1475853865428|34, 1475853865580|32]
handlers:testevent:[1475853805501|1971, 1475853808999|2000, 1475853811869|1934, 1475853814733|1995, 1475853817417|2000, 1475853820880|1890, 1475853823764|2000, 1475853826893|1952, 1475853829524|1978, 1475853832230|1924, 1475853835472|1988, 1475853838616|1999, 1475853841860|2000, 1475853845079|2000, 1475853847805|1997, 1475853850922|1940, 1475853854198|1971, 1475853857491|2000, 1475853860523|2000, 1475853863280|1929]
handlers:testevent:[1475853805501|1971, 1475853808999|2000, 1475853811869|1934, 1475853814733|1995, 1475853817417|2000, 1475853820880|1890, 1475853823764|2000, 1475853826893|1952, 1475853829524|1978, 1475853832230|1924, 1475853835472|1988, 1475853838616|1999, 1475853841860|2000, 1475853845079|2000, 1475853847805|1997, 1475853850922|1940, 1475853854198|1971, 1475853857491|2000, 1475853860523|2000, 1475853863280|1929]
handlers:testevent:[1475853805385|1924, 1475853808293|1992, 1475853811395|1981, 1475853814343|1941, 1475853817347|1913, 1475853820461|2000, 1475853823352|2000, 1475853825986|2000, 1475853829072|1998, 1475853832093|1991, 1475853834822|2000, 1475853837938|2000, 1475853841146|1927, 1475853844085|1992, 1475853846577|1950, 1475853849148|2000, 1475853852298|1987, 1475853855669|1899, 1475853858444|1986, 1475853861218|1932]
handlers:testevent:[1475853805415|1985, 1475853808915|1911, 1475853811858|1935, 1475853814754|1995, 1475853817841|1962, 1475853821040|1898, 1475853824503|2000, 1475853827669|1999, 1475853830992|1945, 1475853833814|2000, 1475853836593|1996, 1475853839685|1935, 1475853842251|2000, 1475853845599|1973, 1475853848367|1921, 1475853851462|1966, 1475853854441|1970, 1475853857841|1999, 1475853860546|1945, 1475853863180|2000]
handlers:testevent:[1475853805148|1966, 1475853808060|2000, 1475853810878|1928, 1475853813501|1970, 1475853815975|1966, 1475853818507|1958, 1475853821512|1897, 1475853824277|2000, 1475853827479|1982, 1475853830459|1973, 1475853833503|1914, 1475853836279|1999, 1475853839142|2000, 1475853842376|1958, 1475853845096|2000, 1475853847793|1997, 1475853850947|1944, 1475853854288|1941, 1475853857296|1999, 1475853860440|1960]
handlers:testevent:[1475853805506|1971, 1475853808350|2000, 1475853811358|1938, 1475853813903|2000, 1475853816997|1921, 1475853819875|1883, 1475853822631|2000, 1475853824976|1986, 1475853828031|2000, 1475853831034|2000, 1475853833874|1933, 1475853836435|1974, 1475853839606|1998, 1475853842286|2000, 1475853845425|1985, 1475853848322|2000, 1475853851126|1932, 1475853854211|1971, 1475853857196|1987, 1475853859758|1962]
handlers:testevent:[1475853805363|1977, 1475853808665|2000, 1475853811480|2000, 1475853814222|2000, 1475853817308|2000, 1475853820205|1876, 1475853823163|1996, 1475853826263|1934, 1475853829543|2000, 1475853832552|1908, 1475853835730|1950, 1475853838887|1884, 1475853841804|1922, 1475853844340|1926, 1475853846996|2000, 1475853849979|2000, 1475853853201|2000, 1475853856003|1935, 1475853858858|1999, 1475853861602|2000]
handlers:testevent:[1475853805319|2000, 1475853808681|2000, 1475853811808|2000, 1475853814546|1944, 1475853817796|1923, 1475853821124|2000, 1475853824238|1985, 1475853827122|1921, 1475853829950|2000, 1475853832771|1967, 1475853835709|1932, 1475853838681|2000, 1475853841929|2000, 1475853845192|1935, 1475853847972|1997, 1475853851149|1988, 1475853854141|1892, 1475853857451|1987, 1475853860405|1896, 1475853863241|1935]
handlers:testevent:[1475853805362|1977, 1475853808808|2000, 1475853811912|1986, 1475853814680|1939, 1475853817593|2000, 1475853820308|1990, 1475853823646|2000, 1475853827049|2000, 1475853830378|2000, 1475853832798|1998, 1475853835728|1950, 1475853838582|1956, 1475853841869|2000, 1475853845318|1994, 1475853848164|2000, 1475853850976|1927, 1475853853858|1963, 1475853856707|1977, 1475853859795|1920, 1475853862426|2000]
handlers:testevent:[1475853805561|1919, 1475853808868|2000, 1475853811800|2000, 1475853814987|1994, 1475853817830|1932, 1475853820919|1958, 1475853824082|2000, 1475853827061|1995, 1475853829621|1941, 1475853832669|2000, 1475853835525|2000, 1475853838318|1969, 1475853841968|1936, 1475853845086|2000, 1475853847762|1964, 1475853850904|1974, 1475853854142|1892, 1475853857334|1999, 1475853860547|1944, 1475853863499|2000]
handlers:testevent:[1475853805526|1936, 1475853809032|2000, 1475853811634|1998, 1475853814401|2000, 1475853817558|1971, 1475853820985|2000, 1475853824124|2000, 1475853827014|2000, 1475853830025|1971, 1475853832630|2000, 1475853835513|2000, 1475853838281|2000, 1475853841734|1955, 1475853844542|1989, 1475853847210|2000, 1475853849640|2000, 1475853852713|1969, 1475853855854|1952, 1475853858876|2000, 1475853861794|1999]
publish:subtestevent:[1475853807960|2459, 1475853811077|2078, 1475853813885|2016, 1475853816458|1725, 1475853820184|2767, 1475853822814|1934, 1475853825809|2045, 1475853828733|1840, 1475853831557|2033, 1475853834608|2378, 1475853837647|2175, 1475853841053|2437, 1475853844104|2244, 1475853846862|1783, 1475853849911|2106, 1475853853201|2279, 1475853856537|2339, 1475853859772|2281, 1475853862537|2014, 1475853864793|1513]
publish:subtestevent:[1475853807960|2459, 1475853811077|2078, 1475853813885|2016, 1475853816458|1725, 1475853820184|2767, 1475853822814|1934, 1475853825809|2045, 1475853828733|1840, 1475853831557|2033, 1475853834608|2378, 1475853837647|2175, 1475853841053|2437, 1475853844104|2244, 1475853846862|1783, 1475853849911|2106, 1475853853201|2279, 1475853856537|2339, 1475853859772|2281, 1475853862537|2014, 1475853864793|1513]
publish:subtestevent:[1475853807302|1917, 1475853810493|2200, 1475853813607|2212, 1475853816494|2151, 1475853819643|2296, 1475853822389|1928, 1475853825367|2015, 1475853828323|2337, 1475853831273|2201, 1475853834196|2103, 1475853837157|2335, 1475853840417|2479, 1475853843427|2281, 1475853845936|1851, 1475853848472|1895, 1475853851573|2425, 1475853854812|2514, 1475853857894|2225, 1475853860516|2072, 1475853863263|2045]
publish:subtestevent:[1475853807820|2405, 1475853811093|2178, 1475853813846|1988, 1475853816928|2174, 1475853820152|2311, 1475853823572|2532, 1475853826774|2271, 1475853830090|2421, 1475853833114|2122, 1475853835854|2040, 1475853839063|2470, 1475853841622|1937, 1475853844584|2333, 1475853847532|1933, 1475853850683|2316, 1475853853478|2016, 1475853857082|2641, 1475853859751|1910, 1475853862548|2002, 1475853864740|1560]
publish:subtestevent:[1475853807300|2152, 1475853810071|2011, 1475853812985|2107, 1475853815430|1929, 1475853817933|1958, 1475853820990|2483, 1475853823316|1804, 1475853826672|2395, 1475853829618|2139, 1475853832827|2368, 1475853835646|2143, 1475853838375|2096, 1475853841627|2485, 1475853844331|1955, 1475853846951|1855, 1475853849860|2067, 1475853853315|2368, 1475853856420|2132, 1475853859575|2279, 1475853862324|1884]
publish:subtestevent:[1475853807306|1800, 1475853810471|2121, 1475853813264|1906, 1475853816131|2228, 1475853819167|2170, 1475853821988|2113, 1475853824490|1859, 1475853827432|2456, 1475853830215|2184, 1475853833073|2039, 1475853835800|1926, 1475853838982|2547, 1475853841448|1842, 1475853844572|2286, 1475853847473|2048, 1475853850157|1835, 1475853853240|2114, 1475853856264|2053, 1475853859230|2034, 1475853862116|2358]
publish:subtestevent:[1475853807539|2176, 1475853810619|1954, 1475853813498|2018, 1475853816504|2282, 1475853819491|2183, 1475853822387|2182, 1475853825542|2379, 1475853828684|2421, 1475853831787|2244, 1475853834623|2071, 1475853837949|2219, 1475853841117|2230, 1475853843767|1963, 1475853846235|1895, 1475853849157|2161, 1475853852414|2435, 1475853855354|2153, 1475853858357|2354, 1475853860878|2020, 1475853863520|1918]
publish:subtestevent:[1475853807643|2324, 1475853810798|2117, 1475853813820|2012, 1475853816880|2334, 1475853820150|2354, 1475853823204|2080, 1475853826096|1858, 1475853829066|1944, 1475853831928|1978, 1475853834759|1988, 1475853837647|1938, 1475853840843|2162, 1475853844337|2408, 1475853847184|1992, 1475853850082|2110, 1475853853209|2060, 1475853856463|2322, 1475853859580|2129, 1475853862353|1948, 1475853864792|1551]
publish:subtestevent:[1475853807728|2366, 1475853810996|2188, 1475853813828|1916, 1475853816800|2120, 1475853819446|1853, 1475853822560|2252, 1475853825893|2247, 1475853829569|2520, 1475853832168|1790, 1475853834744|1946, 1475853837620|1892, 1475853840965|2383, 1475853844412|2543, 1475853847514|2196, 1475853849983|1819, 1475853852819|1843, 1475853855989|2131, 1475853859103|2396, 1475853861785|1990, 1475853864149|1723]
publish:subtestevent:[1475853807810|2249, 1475853810989|2121, 1475853814153|2353, 1475853817133|2146, 1475853820022|2192, 1475853822921|2002, 1475853825972|1890, 1475853828778|1717, 1475853831779|2158, 1475853834612|1943, 1475853837337|1812, 1475853840911|2593, 1475853844143|2175, 1475853846941|1855, 1475853850146|2384, 1475853853104|2200, 1475853856590|2448, 1475853859588|2254, 1475853862895|2348, 1475853864830|1331]
publish:subtestevent:[1475853807924|2398, 1475853810833|1801, 1475853813627|1993, 1475853816722|2321, 1475853819876|2318, 1475853823044|2059, 1475853825897|1773, 1475853829180|2166, 1475853831957|1932, 1475853834623|1993, 1475853837402|1889, 1475853840639|2358, 1475853843772|2038, 1475853846532|1990, 1475853848865|1655, 1475853851781|2141, 1475853855060|2347, 1475853858271|2417, 1475853861090|2214, 1475853863836|2042]
handlers:subtestevent:[1475853807960|3757, 1475853811077|3932, 1475853813885|4000, 1475853816458|4000, 1475853820184|3750, 1475853822814|4000, 1475853825809|4000, 1475853828733|4000, 1475853831557|4000, 1475853834608|4000, 1475853837647|4000, 1475853841053|3998, 1475853844104|4000, 1475853846862|4000, 1475853849911|3803, 1475853853201|4000, 1475853856537|3812, 1475853859772|3876, 1475853862537|3993, 1475853864793|4000]
handlers:subtestevent:[1475853807960|3757, 1475853811077|3932, 1475853813885|4000, 1475853816458|4000, 1475853820184|3750, 1475853822814|4000, 1475853825809|4000, 1475853828733|4000, 1475853831557|4000, 1475853834608|4000, 1475853837647|4000, 1475853841053|3998, 1475853844104|4000, 1475853846862|4000, 1475853849911|3803, 1475853853201|4000, 1475853856537|3812, 1475853859772|3876, 1475853862537|3993, 1475853864793|4000]
handlers:subtestevent:[1475853807302|3892, 1475853810493|4000, 1475853813607|4000, 1475853816494|4000, 1475853819643|3887, 1475853822389|3803, 1475853825367|4000, 1475853828323|4000, 1475853831273|3869, 1475853834196|3881, 1475853837157|4000, 1475853840417|4000, 1475853843427|3929, 1475853845936|4000, 1475853848472|4000, 1475853851573|3836, 1475853854812|3899, 1475853857894|3959, 1475853860516|4000, 1475853863263|3895]
handlers:subtestevent:[1475853807820|3972, 1475853811093|3996, 1475853813846|3958, 1475853816928|4000, 1475853820152|3956, 1475853823572|4000, 1475853826774|3911, 1475853830090|4000, 1475853833114|3909, 1475853835854|3923, 1475853839063|3880, 1475853841622|3977, 1475853844584|4000, 1475853847532|4000, 1475853850683|3998, 1475853853478|3866, 1475853857082|3931, 1475853859751|3960, 1475853862548|4000, 1475853864740|4000]
handlers:subtestevent:[1475853807300|3892, 1475853810071|3840, 1475853812985|3877, 1475853815430|4000, 1475853817933|4000, 1475853820990|4000, 1475853823316|3983, 1475853826672|3998, 1475853829618|3878, 1475853832827|3998, 1475853835646|4000, 1475853838375|3783, 1475853841627|3977, 1475853844331|3921, 1475853846951|3913, 1475853849860|3832, 1475853853315|3994, 1475853856420|4000, 1475853859575|3983, 1475853862324|3915]
handlers:subtestevent:[1475853807306|3892, 1475853810471|3999, 1475853813264|3961, 1475853816131|4000, 1475853819167|3907, 1475853821988|3851, 1475853824490|3924, 1475853827432|3881, 1475853830215|3999, 1475853833073|3743, 1475853835800|4000, 1475853838982|3999, 1475853841448|3864, 1475853844572|4000, 1475853847473|4000, 1475853850157|3865, 1475853853240|3841, 1475853856264|4000, 1475853859230|4000, 1475853862116|3881]
handlers:subtestevent:[1475853807539|4000, 1475853810619|4000, 1475853813498|3941, 1475853816504|3973, 1475853819491|3932, 1475853822387|3849, 1475853825542|3925, 1475853828684|3858, 1475853831787|3897, 1475853834623|4000, 1475853837949|4000, 1475853841117|3862, 1475853843767|3912, 1475853846235|3798, 1475853849157|4000, 1475853852414|3846, 1475853855354|3938, 1475853858357|4000, 1475853860878|4000, 1475853863520|4000]
handlers:subtestevent:[1475853807643|3941, 1475853810798|4000, 1475853813820|3926, 1475853816880|3985, 1475853820150|3978, 1475853823204|4000, 1475853826096|3954, 1475853829066|3998, 1475853831928|3845, 1475853834759|4000, 1475853837647|4000, 1475853840843|3892, 1475853844337|3869, 1475853847184|4000, 1475853850082|3960, 1475853853209|3986, 1475853856463|4000, 1475853859580|3913, 1475853862353|3915, 1475853864792|4000]
handlers:subtestevent:[1475853807728|4000, 1475853810996|4000, 1475853813828|3926, 1475853816800|4000, 1475853819446|3932, 1475853822560|3765, 1475853825893|3868, 1475853829569|4000, 1475853832168|4000, 1475853834744|3948, 1475853837620|4000, 1475853840965|3805, 1475853844412|4000, 1475853847514|4000, 1475853849983|4000, 1475853852819|4000, 1475853855989|3893, 1475853859103|3876, 1475853861785|3998, 1475853864149|3783]
handlers:subtestevent:[1475853807810|3972, 1475853810989|4000, 1475853814153|3759, 1475853817133|4000, 1475853820022|3795, 1475853822921|3965, 1475853825972|4000, 1475853828778|4000, 1475853831779|3897, 1475853834612|4000, 1475853837337|3895, 1475853840911|4000, 1475853844143|4000, 1475853846941|3821, 1475853850146|3960, 1475853853104|3923, 1475853856590|3910, 1475853859588|3871, 1475853862895|4000, 1475853864830|3793]
handlers:subtestevent:[1475853807924|3866, 1475853810833|4000, 1475853813627|3886, 1475853816722|3868, 1475853819876|3759, 1475853823044|4000, 1475853825897|3979, 1475853829180|3986, 1475853831957|3978, 1475853834623|4000, 1475853837402|3987, 1475853840639|3824, 1475853843772|3995, 1475853846532|3848, 1475853848865|3933, 1475853851781|3881, 1475853855060|4000, 1475853858271|3952, 1475853861090|3907, 1475853863836|3965]
publish:testevent:[1475853805501|908, 1475853808999|1039, 1475853811869|792, 1475853814733|848, 1475853817417|959, 1475853820880|696, 1475853823764|950, 1475853826893|1084, 1475853829524|791, 1475853832230|673, 1475853835472|864, 1475853838616|969, 1475853841860|807, 1475853845079|975, 1475853847805|943, 1475853850922|1011, 1475853854198|997, 1475853857491|954, 1475853860523|751, 1475853863280|743]
publish:testevent:[1475853805501|908, 1475853808999|1039, 1475853811869|792, 1475853814733|848, 1475853817417|959, 1475853820880|696, 1475853823764|950, 1475853826893|1084, 1475853829524|791, 1475853832230|673, 1475853835472|864, 1475853838616|969, 1475853841860|807, 1475853845079|975, 1475853847805|943, 1475853850922|1011, 1475853854198|997, 1475853857491|954, 1475853860523|751, 1475853863280|743]
publish:testevent:[1475853805385|797, 1475853808293|991, 1475853811395|902, 1475853814343|736, 1475853817347|853, 1475853820461|818, 1475853823352|963, 1475853825986|619, 1475853829072|749, 1475853832093|819, 1475853834822|626, 1475853837938|781, 1475853841146|729, 1475853844085|657, 1475853846577|641, 1475853849148|676, 1475853852298|725, 1475853855669|857, 1475853858444|550, 1475853861218|702]
publish:testevent:[1475853805415|822, 1475853808915|1095, 1475853811858|765, 1475853814754|908, 1475853817841|913, 1475853821040|888, 1475853824503|931, 1475853827669|895, 1475853830992|902, 1475853833814|700, 1475853836593|739, 1475853839685|622, 1475853842251|629, 1475853845599|1015, 1475853848367|835, 1475853851462|779, 1475853854441|963, 1475853857841|759, 1475853860546|792, 1475853863180|632]
publish:testevent:[1475853805148|555, 1475853808060|759, 1475853810878|807, 1475853813501|516, 1475853815975|545, 1475853818507|574, 1475853821512|522, 1475853824277|961, 1475853827479|807, 1475853830459|841, 1475853833503|676, 1475853836279|633, 1475853839142|767, 1475853842376|749, 1475853845096|765, 1475853847793|842, 1475853850947|1087, 1475853854288|973, 1475853857296|876, 1475853860440|865]
publish:testevent:[1475853805506|913, 1475853808350|1044, 1475853811358|887, 1475853813903|639, 1475853816997|866, 1475853819875|708, 1475853822631|643, 1475853824976|486, 1475853828031|598, 1475853831034|819, 1475853833874|801, 1475853836435|635, 1475853839606|624, 1475853842286|838, 1475853845425|853, 1475853848322|849, 1475853851126|969, 1475853854211|971, 1475853857196|932, 1475853859758|528]
publish:testevent:[1475853805363|770, 1475853808665|1126, 1475853811480|861, 1475853814222|724, 1475853817308|804, 1475853820205|714, 1475853823163|776, 1475853826263|721, 1475853829543|859, 1475853832552|765, 1475853835730|1107, 1475853838887|938, 1475853841804|687, 1475853844340|573, 1475853846996|761, 1475853849979|822, 1475853853201|787, 1475853856003|649, 1475853858858|501, 1475853861602|724]
publish:testevent:[1475853805319|726, 1475853808681|1038, 1475853811808|1010, 1475853814546|726, 1475853817796|916, 1475853821124|974, 1475853824238|1034, 1475853827122|1026, 1475853829950|884, 1475853832771|843, 1475853835709|950, 1475853838681|1034, 1475853841929|1086, 1475853845192|855, 1475853847972|788, 1475853851149|1067, 1475853854141|932, 1475853857451|988, 1475853860405|825, 1475853863241|888]
publish:testevent:[1475853805362|775, 1475853808808|1080, 1475853811912|916, 1475853814680|852, 1475853817593|793, 1475853820308|862, 1475853823646|1086, 1475853827049|1156, 1475853830378|809, 1475853832798|630, 1475853835728|984, 1475853838582|962, 1475853841869|904, 1475853845318|906, 1475853848164|649, 1475853850976|993, 1475853853858|1039, 1475853856707|718, 1475853859795|692, 1475853862426|641]
publish:testevent:[1475853805561|968, 1475853808868|1058, 1475853811800|811, 1475853814987|834, 1475853817830|696, 1475853820919|897, 1475853824082|1161, 1475853827061|1089, 1475853829621|843, 1475853832669|890, 1475853835525|913, 1475853838318|981, 1475853841968|1057, 1475853845086|943, 1475853847762|821, 1475853850904|758, 1475853854142|1038, 1475853857334|744, 1475853860547|959, 1475853863499|604]
publish:testevent:[1475853805526|933, 1475853809032|1108, 1475853811634|801, 1475853814401|774, 1475853817558|836, 1475853820985|1109, 1475853824124|1080, 1475853827014|1117, 1475853830025|845, 1475853832630|673, 1475853835513|890, 1475853838281|879, 1475853841734|1095, 1475853844542|770, 1475853847210|678, 1475853849640|775, 1475853852713|932, 1475853855854|794, 1475853858876|605, 1475853861794|704]
