###### EXPERIMENT ##########
Experiment Read Write Low Concurrency with 4 workloads
	Initializer(8002ms)->Parallel tasks:1,start immediately,run 1 times
	Publisher(13028ms)->Parallel tasks:10,start after workload Initializer,run 20 times
	Subscriber(13028ms)->Parallel tasks:1,start after workload Initializer,run until Publisher ends
	Unsubscriber(13029ms)->Parallel tasks:1,start after workload Initializer,run until Publisher ends

and additional parameters:
	Base path:/ext/dev/workspace/eventbus-performance/results
	Report base dir:/ext/dev/workspace/eventbus-performance/results/Read Write Low Concurrency/1475854001531/
	Delay after unsubscribing a single batch of listeners:120
	Batch size per publisher:1000
	Number of publisher threads:10
	Delay after subscribing a single batch of listeners:30
	Number of Unsubscriber threads:1
	Listener factory:ListenerFactory{1000 instances of SubTestEventListener | 1000 instances of AllEventsListener | 1000 instances of TestEventListener | }
	Number of batches to process with each publisher:20
	Eventbus:Mbassador
	Number of Subscriber threads:1


##### COLLECTORS ########
subscribe:[1475853984510|5, 1475853984542|1, 1475853984573|1, 1475853984603|0, 1475853984638|1, 1475853984668|0, 1475853984699|0, 1475853984730|1, 1475853984760|0, 1475853984791|1, 1475853984822|1, 1475853984852|0, 1475853984883|0, 1475853984915|0, 1475853984946|0, 1475853984977|1, 1475853985008|0, 1475853985039|0, 1475853985071|1, 1475853985130|1, 1475853985162|1, 1475853985249|0, 1475853985279|0, 1475853985310|0, 1475853985385|0, 1475853985416|0, 1475853985454|0, 1475853985490|0, 1475853985520|0, 1475853985555|0, 1475853985617|0, 1475853985648|1, 1475853985684|0, 1475853985737|0, 1475853985767|0, 1475853985801|0, 1475853985857|0, 1475853985888|0, 1475853985931|0, 1475853985974|0, 1475853986007|0, 1475853986047|0, 1475853986095|0, 1475853986125|0, 1475853986160|1, 1475853986223|0, 1475853986253|0, 1475853986286|0, 1475853986335|0, 1475853986366|0, 1475853986398|0, 1475853986461|1, 1475853986491|0, 1475853986525|0, 1475853986576|0, 1475853986606|0, 1475853986644|0, 1475853986715|0, 1475853986746|0, 1475853986781|0, 1475853986814|0, 1475853986845|0, 1475853986878|0, 1475853986935|0, 1475853986966|0, 1475853987003|0, 1475853987057|0, 1475853987087|0, 1475853987121|0, 1475853987178|0, 1475853987208|0, 1475853987242|0, 1475853987298|0, 1475853987340|0, 1475853987375|0, 1475853987418|0, 1475853987448|0, 1475853987485|0, 1475853987537|0, 1475853987567|0, 1475853987606|0, 1475853987657|0, 1475853987689|1, 1475853987736|0, 1475853987780|0, 1475853987810|0, 1475853987842|0, 1475853987909|0, 1475853987941|0, 1475853988012|0, 1475853988042|0, 1475853988073|1, 1475853988105|0, 1475853988139|0, 1475853988169|0, 1475853988200|0, 1475853988260|0, 1475853988291|0, 1475853988347|0, 1475853988379|0, 1475853988410|0, 1475853988442|0, 1475853988508|0, 1475853988539|1, 1475853988572|0, 1475853988627|0, 1475853988657|0, 1475853988690|1, 1475853988740|0, 1475853988775|0, 1475853988807|0, 1475853988864|0, 1475853988895|0, 1475853988928|0, 1475853988983|0, 1475853989014|0, 1475853989046|0, 1475853989119|0, 1475853989149|0, 1475853989185|0, 1475853989260|0, 1475853989305|0, 1475853989338|0, 1475853989375|0, 1475853989406|0, 1475853989437|0, 1475853989496|0, 1475853989526|0, 1475853989561|0, 1475853989635|0, 1475853989665|0, 1475853989698|0, 1475853989738|0, 1475853989768|0, 1475853989801|0, 1475853989857|0, 1475853989887|0, 1475853989923|0, 1475853989981|0, 1475853990011|0, 1475853990049|0, 1475853990098|0, 1475853990128|0, 1475853990162|0, 1475853990218|0, 1475853990248|0, 1475853990283|1, 1475853990344|0, 1475853990375|0, 1475853990412|0, 1475853990461|0, 1475853990492|0, 1475853990525|0, 1475853990627|0, 1475853990657|0, 1475853990694|0, 1475853990731|0, 1475853990795|0, 1475853990827|0, 1475853990857|0, 1475853990888|0, 1475853990922|0, 1475853990979|1, 1475853991009|0, 1475853991088|0, 1475853991118|0, 1475853991149|1, 1475853991185|0, 1475853991219|0, 1475853991249|0, 1475853991283|0, 1475853991359|0, 1475853991389|0, 1475853991422|0, 1475853991460|0, 1475853991490|0, 1475853991537|0, 1475853991581|0, 1475853991612|0, 1475853991644|0, 1475853991719|0, 1475853991750|1, 1475853991785|0, 1475853991827|0, 1475853991858|0, 1475853991891|0, 1475853991943|0, 1475853991973|0, 1475853992006|0, 1475853992099|0, 1475853992129|0, 1475853992166|0, 1475853992199|0, 1475853992230|0, 1475853992262|0, 1475853992334|0, 1475853992365|0, 1475853992397|0, 1475853992460|0, 1475853992491|1, 1475853992524|2, 1475853992560|0, 1475853992591|0, 1475853992622|0, 1475853992681|0, 1475853992711|0, 1475853992744|0, 1475853992811|0, 1475853992841|0, 1475853992874|0, 1475853992931|0, 1475853992961|0, 1475853992997|0, 1475853993042|1, 1475853993072|0, 1475853993104|0, 1475853993186|0, 1475853993217|1, 1475853993253|0, 1475853993283|0, 1475853993313|0, 1475853993346|0, 1475853993409|0, 1475853993459|0, 1475853993492|0, 1475853993524|1, 1475853993555|0, 1475853993586|1, 1475853993652|0, 1475853993682|0, 1475853993716|0, 1475853993787|0, 1475853993817|0, 1475853993852|0, 1475853993890|0, 1475853993921|0, 1475853993952|0, 1475853994011|0, 1475853994042|1, 1475853994073|0, 1475853994176|3, 1475853994206|0, 1475853994241|1, 1475853994294|0, 1475853994325|0, 1475853994403|46, 1475853994433|0, 1475853994464|0, 1475853994508|0, 1475853994538|0, 1475853994569|0, 1475853994602|0, 1475853994648|0, 1475853994687|0, 1475853994719|0, 1475853994795|0, 1475853994827|0, 1475853994860|0, 1475853994890|0, 1475853994921|1, 1475853994953|0, 1475853995019|9, 1475853995049|0, 1475853995084|0, 1475853995164|0, 1475853995195|0, 1475853995228|0, 1475853995258|0, 1475853995288|0, 1475853995325|0, 1475853995400|1, 1475853995431|0, 1475853995465|0, 1475853995495|0, 1475853995526|0, 1475853995578|0, 1475853995611|0, 1475853995642|1, 1475853995674|1, 1475853995752|1, 1475853995782|0, 1475853995826|0, 1475853995863|0, 1475853995893|0, 1475853995926|0, 1475853995995|0, 1475853996026|0, 1475853996061|0, 1475853996109|0, 1475853996139|0, 1475853996176|0, 1475853996250|0, 1475853996280|0, 1475853996313|0, 1475853996347|0, 1475853996378|0, 1475853996411|0, 1475853996471|0, 1475853996501|0, 1475853996538|0, 1475853996603|0, 1475853996633|0, 1475853996666|0, 1475853996718|0, 1475853996749|1, 1475853996784|0, 1475853996829|0, 1475853996859|0, 1475853996892|0, 1475853996949|0, 1475853996979|0, 1475853997012|0, 1475853997069|0, 1475853997100|0, 1475853997132|0, 1475853997190|0, 1475853997220|0, 1475853997253|0, 1475853997310|0, 1475853997340|0, 1475853997374|0, 1475853997430|0, 1475853997461|0, 1475853997496|0]
subscribe:[1475853984510|5, 1475853984542|1, 1475853984573|1, 1475853984603|0, 1475853984638|1, 1475853984668|0, 1475853984699|0, 1475853984730|1, 1475853984760|0, 1475853984791|1, 1475853984822|1, 1475853984852|0, 1475853984883|0, 1475853984915|0, 1475853984946|0, 1475853984977|1, 1475853985008|0, 1475853985039|0, 1475853985071|1, 1475853985130|1, 1475853985162|1, 1475853985249|0, 1475853985279|0, 1475853985310|0, 1475853985385|0, 1475853985416|0, 1475853985454|0, 1475853985490|0, 1475853985520|0, 1475853985555|0, 1475853985617|0, 1475853985648|1, 1475853985684|0, 1475853985737|0, 1475853985767|0, 1475853985801|0, 1475853985857|0, 1475853985888|0, 1475853985931|0, 1475853985974|0, 1475853986007|0, 1475853986047|0, 1475853986095|0, 1475853986125|0, 1475853986160|1, 1475853986223|0, 1475853986253|0, 1475853986286|0, 1475853986335|0, 1475853986366|0, 1475853986398|0, 1475853986461|1, 1475853986491|0, 1475853986525|0, 1475853986576|0, 1475853986606|0, 1475853986644|0, 1475853986715|0, 1475853986746|0, 1475853986781|0, 1475853986814|0, 1475853986845|0, 1475853986878|0, 1475853986935|0, 1475853986966|0, 1475853987003|0, 1475853987057|0, 1475853987087|0, 1475853987121|0, 1475853987178|0, 1475853987208|0, 1475853987242|0, 1475853987298|0, 1475853987340|0, 1475853987375|0, 1475853987418|0, 1475853987448|0, 1475853987485|0, 1475853987537|0, 1475853987567|0, 1475853987606|0, 1475853987657|0, 1475853987689|1, 1475853987736|0, 1475853987780|0, 1475853987810|0, 1475853987842|0, 1475853987909|0, 1475853987941|0, 1475853988012|0, 1475853988042|0, 1475853988073|1, 1475853988105|0, 1475853988139|0, 1475853988169|0, 1475853988200|0, 1475853988260|0, 1475853988291|0, 1475853988347|0, 1475853988379|0, 1475853988410|0, 1475853988442|0, 1475853988508|0, 1475853988539|1, 1475853988572|0, 1475853988627|0, 1475853988657|0, 1475853988690|1, 1475853988740|0, 1475853988775|0, 1475853988807|0, 1475853988864|0, 1475853988895|0, 1475853988928|0, 1475853988983|0, 1475853989014|0, 1475853989046|0, 1475853989119|0, 1475853989149|0, 1475853989185|0, 1475853989260|0, 1475853989305|0, 1475853989338|0, 1475853989375|0, 1475853989406|0, 1475853989437|0, 1475853989496|0, 1475853989526|0, 1475853989561|0, 1475853989635|0, 1475853989665|0, 1475853989698|0, 1475853989738|0, 1475853989768|0, 1475853989801|0, 1475853989857|0, 1475853989887|0, 1475853989923|0, 1475853989981|0, 1475853990011|0, 1475853990049|0, 1475853990098|0, 1475853990128|0, 1475853990162|0, 1475853990218|0, 1475853990248|0, 1475853990283|1, 1475853990344|0, 1475853990375|0, 1475853990412|0, 1475853990461|0, 1475853990492|0, 1475853990525|0, 1475853990627|0, 1475853990657|0, 1475853990694|0, 1475853990731|0, 1475853990795|0, 1475853990827|0, 1475853990857|0, 1475853990888|0, 1475853990922|0, 1475853990979|1, 1475853991009|0, 1475853991088|0, 1475853991118|0, 1475853991149|1, 1475853991185|0, 1475853991219|0, 1475853991249|0, 1475853991283|0, 1475853991359|0, 1475853991389|0, 1475853991422|0, 1475853991460|0, 1475853991490|0, 1475853991537|0, 1475853991581|0, 1475853991612|0, 1475853991644|0, 1475853991719|0, 1475853991750|1, 1475853991785|0, 1475853991827|0, 1475853991858|0, 1475853991891|0, 1475853991943|0, 1475853991973|0, 1475853992006|0, 1475853992099|0, 1475853992129|0, 1475853992166|0, 1475853992199|0, 1475853992230|0, 1475853992262|0, 1475853992334|0, 1475853992365|0, 1475853992397|0, 1475853992460|0, 1475853992491|1, 1475853992524|2, 1475853992560|0, 1475853992591|0, 1475853992622|0, 1475853992681|0, 1475853992711|0, 1475853992744|0, 1475853992811|0, 1475853992841|0, 1475853992874|0, 1475853992931|0, 1475853992961|0, 1475853992997|0, 1475853993042|1, 1475853993072|0, 1475853993104|0, 1475853993186|0, 1475853993217|1, 1475853993253|0, 1475853993283|0, 1475853993313|0, 1475853993346|0, 1475853993409|0, 1475853993459|0, 1475853993492|0, 1475853993524|1, 1475853993555|0, 1475853993586|1, 1475853993652|0, 1475853993682|0, 1475853993716|0, 1475853993787|0, 1475853993817|0, 1475853993852|0, 1475853993890|0, 1475853993921|0, 1475853993952|0, 1475853994011|0, 1475853994042|1, 1475853994073|0, 1475853994176|3, 1475853994206|0, 1475853994241|1, 1475853994294|0, 1475853994325|0, 1475853994403|46, 1475853994433|0, 1475853994464|0, 1475853994508|0, 1475853994538|0, 1475853994569|0, 1475853994602|0, 1475853994648|0, 1475853994687|0, 1475853994719|0, 1475853994795|0, 1475853994827|0, 1475853994860|0, 1475853994890|0, 1475853994921|1, 1475853994953|0, 1475853995019|9, 1475853995049|0, 1475853995084|0, 1475853995164|0, 1475853995195|0, 1475853995228|0, 1475853995258|0, 1475853995288|0, 1475853995325|0, 1475853995400|1, 1475853995431|0, 1475853995465|0, 1475853995495|0, 1475853995526|0, 1475853995578|0, 1475853995611|0, 1475853995642|1, 1475853995674|1, 1475853995752|1, 1475853995782|0, 1475853995826|0, 1475853995863|0, 1475853995893|0, 1475853995926|0, 1475853995995|0, 1475853996026|0, 1475853996061|0, 1475853996109|0, 1475853996139|0, 1475853996176|0, 1475853996250|0, 1475853996280|0, 1475853996313|0, 1475853996347|0, 1475853996378|0, 1475853996411|0, 1475853996471|0, 1475853996501|0, 1475853996538|0, 1475853996603|0, 1475853996633|0, 1475853996666|0, 1475853996718|0, 1475853996749|1, 1475853996784|0, 1475853996829|0, 1475853996859|0, 1475853996892|0, 1475853996949|0, 1475853996979|0, 1475853997012|0, 1475853997069|0, 1475853997100|0, 1475853997132|0, 1475853997190|0, 1475853997220|0, 1475853997253|0, 1475853997310|0, 1475853997340|0, 1475853997374|0, 1475853997430|0, 1475853997461|0, 1475853997496|0]
unsubscribe:[1475853984524|8, 1475853984645|1, 1475853984766|1, 1475853984887|1, 1475853985007|0, 1475853985128|0, 1475853985249|1, 1475853985369|0, 1475853985489|0, 1475853985610|0, 1475853985730|0, 1475853985851|0, 1475853985971|0, 1475853986092|1, 1475853986212|0, 1475853986332|0, 1475853986453|0, 1475853986573|0, 1475853986694|1, 1475853986814|0, 1475853986935|1, 1475853987055|0, 1475853987175|0, 1475853987296|0, 1475853987416|0, 1475853987537|1, 1475853987657|0, 1475853987777|0, 1475853987898|1, 1475853988018|0, 1475853988139|1, 1475853988259|0, 1475853988379|0, 1475853988500|1, 1475853988620|0, 1475853988740|0, 1475853988861|0, 1475853988983|0, 1475853989103|0, 1475853989255|0, 1475853989375|0, 1475853989496|0, 1475853989616|0, 1475853989736|0, 1475853989857|0, 1475853989977|0, 1475853990097|0, 1475853990218|0, 1475853990338|0, 1475853990458|0, 1475853990611|0, 1475853990731|0, 1475853990851|0, 1475853990978|0, 1475853991099|1, 1475853991219|0, 1475853991339|0, 1475853991460|1, 1475853991580|0, 1475853991700|0, 1475853991820|0, 1475853991941|0, 1475853992079|0, 1475853992199|0, 1475853992320|1, 1475853992440|0, 1475853992560|0, 1475853992681|1, 1475853992801|0, 1475853992921|0, 1475853993041|0, 1475853993162|0, 1475853993282|0, 1475853993402|0, 1475853993527|4, 1475853993649|0, 1475853993770|0, 1475853993890|0, 1475853994011|1, 1475853994167|4, 1475853994287|0, 1475853994408|1, 1475853994528|0, 1475853994648|0, 1475853994769|1, 1475853994889|0, 1475853995009|0, 1475853995130|1, 1475853995250|0, 1475853995370|0, 1475853995491|0, 1475853995611|0, 1475853995742|0, 1475853995863|0, 1475853995983|0, 1475853996103|0, 1475853996224|1, 1475853996347|0, 1475853996468|1, 1475853996588|0, 1475853996708|0, 1475853996829|1, 1475853996949|0, 1475853997069|0, 1475853997190|1, 1475853997310|0, 1475853997430|0]
unsubscribe:[1475853984524|8, 1475853984645|1, 1475853984766|1, 1475853984887|1, 1475853985007|0, 1475853985128|0, 1475853985249|1, 1475853985369|0, 1475853985489|0, 1475853985610|0, 1475853985730|0, 1475853985851|0, 1475853985971|0, 1475853986092|1, 1475853986212|0, 1475853986332|0, 1475853986453|0, 1475853986573|0, 1475853986694|1, 1475853986814|0, 1475853986935|1, 1475853987055|0, 1475853987175|0, 1475853987296|0, 1475853987416|0, 1475853987537|1, 1475853987657|0, 1475853987777|0, 1475853987898|1, 1475853988018|0, 1475853988139|1, 1475853988259|0, 1475853988379|0, 1475853988500|1, 1475853988620|0, 1475853988740|0, 1475853988861|0, 1475853988983|0, 1475853989103|0, 1475853989255|0, 1475853989375|0, 1475853989496|0, 1475853989616|0, 1475853989736|0, 1475853989857|0, 1475853989977|0, 1475853990097|0, 1475853990218|0, 1475853990338|0, 1475853990458|0, 1475853990611|0, 1475853990731|0, 1475853990851|0, 1475853990978|0, 1475853991099|1, 1475853991219|0, 1475853991339|0, 1475853991460|1, 1475853991580|0, 1475853991700|0, 1475853991820|0, 1475853991941|0, 1475853992079|0, 1475853992199|0, 1475853992320|1, 1475853992440|0, 1475853992560|0, 1475853992681|1, 1475853992801|0, 1475853992921|0, 1475853993041|0, 1475853993162|0, 1475853993282|0, 1475853993402|0, 1475853993527|4, 1475853993649|0, 1475853993770|0, 1475853993890|0, 1475853994011|1, 1475853994167|4, 1475853994287|0, 1475853994408|1, 1475853994528|0, 1475853994648|0, 1475853994769|1, 1475853994889|0, 1475853995009|0, 1475853995130|1, 1475853995250|0, 1475853995370|0, 1475853995491|0, 1475853995611|0, 1475853995742|0, 1475853995863|0, 1475853995983|0, 1475853996103|0, 1475853996224|1, 1475853996347|0, 1475853996468|1, 1475853996588|0, 1475853996708|0, 1475853996829|1, 1475853996949|0, 1475853997069|0, 1475853997190|1, 1475853997310|0, 1475853997430|0]
handlers:testevent:[1475853984541|620, 1475853984840|1565, 1475853985537|1998, 1475853986149|1997, 1475853986835|1934, 1475853987441|1957, 1475853988108|2000, 1475853988573|2000, 1475853989109|1877, 1475853989816|2000, 1475853990498|1996, 1475853991219|1951, 1475853991980|1997, 1475853992652|2000, 1475853993338|1997, 1475853994091|2000, 1475853994909|1958, 1475853995756|1943, 1475853996422|2000, 1475853997032|2000]
handlers:testevent:[1475853984541|620, 1475853984840|1565, 1475853985537|1998, 1475853986149|1997, 1475853986835|1934, 1475853987441|1957, 1475853988108|2000, 1475853988573|2000, 1475853989109|1877, 1475853989816|2000, 1475853990498|1996, 1475853991219|1951, 1475853991980|1997, 1475853992652|2000, 1475853993338|1997, 1475853994091|2000, 1475853994909|1958, 1475853995756|1943, 1475853996422|2000, 1475853997032|2000]
handlers:testevent:[1475853984591|818, 1475853985078|2000, 1475853985756|1954, 1475853986379|1996, 1475853986825|1934, 1475853987528|2000, 1475853988245|2000, 1475853988831|2000, 1475853989448|2000, 1475853990063|2000, 1475853990758|1952, 1475853991334|2000, 1475853991863|1996, 1475853992570|1939, 1475853993187|1951, 1475853993654|1955, 1475853994403|2000, 1475853995237|2000, 1475853996000|1955, 1475853996692|2000]
handlers:testevent:[1475853984664|939, 1475853985247|1999, 1475853985636|1965, 1475853986244|1950, 1475853986800|2000, 1475853987520|2000, 1475853988122|2000, 1475853988803|1996, 1475853989448|2000, 1475853990173|2000, 1475853990777|1952, 1475853991424|2000, 1475853992301|2000, 1475853993012|2000, 1475853993649|2000, 1475853994306|1942, 1475853995024|1957, 1475853995865|1956, 1475853996613|1955, 1475853997101|1996]
handlers:testevent:[1475853984578|818, 1475853984957|1869, 1475853985783|1997, 1475853986302|2000, 1475853986808|2000, 1475853987387|2000, 1475853988111|2000, 1475853988866|1953, 1475853989430|1993, 1475853989940|2000, 1475853990553|2000, 1475853991141|1958, 1475853991893|2000, 1475853992483|1956, 1475853993077|1994, 1475853993729|2000, 1475853994421|1863, 1475853995220|1997, 1475853995928|2000, 1475853996498|1950]
handlers:testevent:[1475853984544|700, 1475853984808|1433, 1475853985579|2000, 1475853986185|2000, 1475853986648|2000, 1475853987090|1997, 1475853987798|1947, 1475853988338|2000, 1475853989022|1998, 1475853989795|1996, 1475853990347|1957, 1475853990991|1956, 1475853991743|1958, 1475853992576|1939, 1475853993070|1941, 1475853993752|2000, 1475853994654|1946, 1475853995391|1869, 1475853996034|1997, 1475853996586|2000]
handlers:testevent:[1475853984691|1067, 1475853985400|1954, 1475853985993|1956, 1475853986660|2000, 1475853987257|2000, 1475853987892|2000, 1475853988454|2000, 1475853989012|1952, 1475853989730|2000, 1475853990216|2000, 1475853990801|1995, 1475853991289|2000, 1475853991763|2000, 1475853992403|2000, 1475853992961|1954, 1475853993471|1997, 1475853994158|2000, 1475853994775|1868, 1475853995685|2000, 1475853996436|2000]
handlers:testevent:[1475853984723|1197, 1475853985408|1954, 1475853986190|2000, 1475853986837|1934, 1475853987346|1998, 1475853987928|1953, 1475853988515|1955, 1475853989193|2000, 1475853989824|2000, 1475853990490|1953, 1475853991245|1951, 1475853991924|2000, 1475853992504|1997, 1475853993017|2000, 1475853993741|2000, 1475853994440|1949, 1475853995331|2000, 1475853995908|1997, 1475853996375|1959, 1475853996867|1997]
handlers:testevent:[1475853984660|939, 1475853985348|2000, 1475853985769|1997, 1475853986381|1996, 1475853987043|2000, 1475853987614|2000, 1475853988282|1953, 1475853988881|1953, 1475853989314|1997, 1475853989947|2000, 1475853990446|2000, 1475853991105|1880, 1475853991713|1869, 1475853992329|1867, 1475853992984|1998, 1475853993604|2000, 1475853994265|2000, 1475853995117|2000, 1475853995861|2000, 1475853996471|1950]
handlers:testevent:[1475853984595|818, 1475853985152|1959, 1475853985953|2000, 1475853986547|2000, 1475853987225|1997, 1475853987861|2000, 1475853988509|1955, 1475853989213|2000, 1475853989992|1951, 1475853990630|1954, 1475853991320|2000, 1475853992115|1953, 1475853992809|1863, 1475853993336|1997, 1475853993963|2000, 1475853994837|1996, 1475853995744|1877, 1475853996455|2000, 1475853997054|2000, 1475853997252|1996]
handlers:testevent:[1475853984646|948, 1475853985227|1999, 1475853985716|2000, 1475853986324|2000, 1475853987034|2000, 1475853987615|2000, 1475853988286|1953, 1475853989069|2000, 1475853989617|1865, 1475853990155|1997, 1475853990746|1952, 1475853991483|1943, 1475853992218|1953, 1475853992892|2000, 1475853993608|2000, 1475853994447|1949, 1475853995059|1998, 1475853995822|1996, 1475853996472|1950, 1475853997049|2000]
publish:subtestevent:[1475853984700|159, 1475853985318|478, 1475853985978|441, 1475853986578|429, 1475853987272|437, 1475853987916|475, 1475853988361|253, 1475853988921|348, 1475853989631|522, 1475853990289|473, 1475853990960|462, 1475853991759|540, 1475853992428|448, 1475853993099|447, 1475853993852|514, 1475853994615|524, 1475853995480|571, 1475853996127|371, 1475853996860|438, 1475853997232|200]
publish:subtestevent:[1475853984700|159, 1475853985318|478, 1475853985978|441, 1475853986578|429, 1475853987272|437, 1475853987916|475, 1475853988361|253, 1475853988921|348, 1475853989631|522, 1475853990289|473, 1475853990960|462, 1475853991759|540, 1475853992428|448, 1475853993099|447, 1475853993852|514, 1475853994615|524, 1475853995480|571, 1475853996127|371, 1475853996860|438, 1475853997232|200]
publish:subtestevent:[1475853984823|232, 1475853985655|577, 1475853986192|436, 1475853986671|292, 1475853987264|439, 1475853988002|474, 1475853988654|409, 1475853989191|359, 1475853989857|409, 1475853990519|456, 1475853991109|351, 1475853991754|420, 1475853992434|571, 1475853992986|416, 1475853993471|284, 1475853994099|445, 1475853994977|574, 1475853995787|550, 1475853996459|459, 1475853997031|339]
publish:subtestevent:[1475853984997|333, 1475853985550|303, 1475853985999|363, 1475853986565|321, 1475853987242|442, 1475853987923|403, 1475853988617|495, 1475853989265|462, 1475853989929|481, 1475853990584|411, 1475853991267|490, 1475853992084|660, 1475853992815|514, 1475853993432|420, 1475853994080|431, 1475853994800|494, 1475853995625|601, 1475853996339|474, 1475853996988|375, 1475853997252|151]
publish:subtestevent:[1475853984751|173, 1475853985513|556, 1475853986175|392, 1475853986548|246, 1475853987215|407, 1475853987846|459, 1475853988648|537, 1475853989310|444, 1475853989758|328, 1475853990416|476, 1475853990914|361, 1475853991598|457, 1475853992224|331, 1475853992839|356, 1475853993495|418, 1475853994145|416, 1475853994973|552, 1475853995732|512, 1475853996292|364, 1475853996810|312]
publish:subtestevent:[1475853984663|119, 1475853985334|526, 1475853986020|441, 1475853986557|372, 1475853986907|259, 1475853987576|486, 1475853988127|329, 1475853988793|455, 1475853989504|482, 1475853990163|368, 1475853990760|413, 1475853991452|461, 1475853992336|593, 1475853992939|363, 1475853993510|440, 1475853994316|564, 1475853995094|440, 1475853995864|473, 1475853996492|458, 1475853996957|371]
publish:subtestevent:[1475853985114|423, 1475853985890|490, 1475853986450|457, 1475853987027|367, 1475853987659|402, 1475853988246|354, 1475853988937|483, 1475853989507|495, 1475853990047|317, 1475853990548|332, 1475853991119|318, 1475853991638|349, 1475853992236|473, 1475853992747|344, 1475853993324|363, 1475853993849|378, 1475853994586|428, 1475853995404|629, 1475853996188|503, 1475853996899|463]
publish:subtestevent:[1475853985059|399, 1475853985630|282, 1475853986225|456, 1475853986877|496, 1475853987424|381, 1475853988085|471, 1475853988620|338, 1475853989190|309, 1475853989737|423, 1475853990310|363, 1475853990846|400, 1475853991460|355, 1475853992184|471, 1475853992763|434, 1475853993324|340, 1475853994009|405, 1475853994843|578, 1475853995639|522, 1475853996269|408, 1475853996919|448]
publish:subtestevent:[1475853984863|268, 1475853985742|590, 1475853986317|364, 1475853987030|483, 1475853987653|428, 1475853988410|549, 1475853988966|457, 1475853989760|547, 1475853990459|467, 1475853991147|517, 1475853991910|590, 1475853992588|473, 1475853993087|278, 1475853993774|438, 1475853994530|567, 1475853995488|651, 1475853996179|435, 1475853996905|450, 1475853997204|150, 1475853997331|79]
publish:subtestevent:[1475853984983|337, 1475853985544|317, 1475853986108|392, 1475853986822|498, 1475853987484|450, 1475853988014|399, 1475853988782|496, 1475853989460|391, 1475853990031|414, 1475853990639|484, 1475853991286|540, 1475853992036|553, 1475853992629|411, 1475853993337|445, 1475853994115|507, 1475853994815|368, 1475853995628|569, 1475853996249|427, 1475853996857|385, 1475853997210|161]
publish:subtestevent:[1475853985151|428, 1475853985967|559, 1475853986610|420, 1475853987188|351, 1475853987742|396, 1475853988269|341, 1475853988981|466, 1475853989617|424, 1475853990283|459, 1475853990999|509, 1475853991637|392, 1475853992237|313, 1475853992830|326, 1475853993476|459, 1475853994200|459, 1475853995028|588, 1475853995741|410, 1475853996299|391, 1475853996691|316, 1475853997121|254]
handlers:subtestevent:[1475853984700|2394, 1475853985318|4000, 1475853985978|3907, 1475853986578|3911, 1475853987272|4000, 1475853987916|3904, 1475853988361|4000, 1475853988921|3995, 1475853989631|3736, 1475853990289|4000, 1475853990960|4000, 1475853991759|3997, 1475853992428|4000, 1475853993099|3988, 1475853993852|4000, 1475853994615|4000, 1475853995480|4000, 1475853996127|3908, 1475853996860|3993, 1475853997232|3993]
handlers:subtestevent:[1475853984700|2394, 1475853985318|4000, 1475853985978|3907, 1475853986578|3911, 1475853987272|4000, 1475853987916|3904, 1475853988361|4000, 1475853988921|3995, 1475853989631|3736, 1475853990289|4000, 1475853990960|4000, 1475853991759|3997, 1475853992428|4000, 1475853993099|3988, 1475853993852|4000, 1475853994615|4000, 1475853995480|4000, 1475853996127|3908, 1475853996860|3993, 1475853997232|3993]
handlers:subtestevent:[1475853984823|3102, 1475853985655|3998, 1475853986192|4000, 1475853986671|4000, 1475853987264|4000, 1475853988002|3998, 1475853988654|3914, 1475853989191|4000, 1475853989857|3916, 1475853990519|3993, 1475853991109|3740, 1475853991754|3997, 1475853992434|4000, 1475853992986|3997, 1475853993471|3994, 1475853994099|4000, 1475853994977|4000, 1475853995787|3994, 1475853996459|4000, 1475853997031|4000]
handlers:subtestevent:[1475853984751|2627, 1475853985513|3920, 1475853986175|4000, 1475853986548|4000, 1475853987215|3995, 1475853987846|4000, 1475853988648|3914, 1475853989310|3994, 1475853989758|3915, 1475853990416|4000, 1475853990914|3995, 1475853991598|3909, 1475853992224|3919, 1475853992839|3915, 1475853993495|4000, 1475853994145|4000, 1475853994973|4000, 1475853995732|4000, 1475853996292|3994, 1475853996810|4000]
handlers:subtestevent:[1475853984663|1895, 1475853985334|4000, 1475853986020|3997, 1475853986557|4000, 1475853986907|4000, 1475853987576|3997, 1475853988127|4000, 1475853988793|3992, 1475853989504|3915, 1475853990163|3993, 1475853990760|3897, 1475853991452|4000, 1475853992336|3902, 1475853992939|3908, 1475853993510|4000, 1475853994316|3895, 1475853995094|4000, 1475853995864|3908, 1475853996492|3906, 1475853996957|3891]
handlers:subtestevent:[1475853984997|3898, 1475853985550|3997, 1475853985999|3907, 1475853986565|4000, 1475853987242|4000, 1475853987923|3904, 1475853988617|4000, 1475853989265|3913, 1475853989929|4000, 1475853990584|4000, 1475853991267|3995, 1475853992084|3743, 1475853992815|3915, 1475853993432|3916, 1475853994080|4000, 1475853994800|3905, 1475853995625|3900, 1475853996339|4000, 1475853996988|3990, 1475853997252|3993]
handlers:subtestevent:[1475853985114|4000, 1475853985890|3998, 1475853986450|4000, 1475853987027|4000, 1475853987659|3893, 1475853988246|4000, 1475853988937|4000, 1475853989507|3915, 1475853990047|3997, 1475853990548|4000, 1475853991119|3914, 1475853991638|3991, 1475853992236|3995, 1475853992747|4000, 1475853993324|3991, 1475853993849|3995, 1475853994586|3994, 1475853995404|3898, 1475853996188|4000, 1475853996899|4000]
handlers:subtestevent:[1475853985059|3965, 1475853985630|3921, 1475853986225|3893, 1475853986877|3994, 1475853987424|3906, 1475853988085|3991, 1475853988620|3742, 1475853989190|4000, 1475853989737|3740, 1475853990310|4000, 1475853990846|4000, 1475853991460|3901, 1475853992184|4000, 1475853992763|4000, 1475853993324|3991, 1475853994009|4000, 1475853994843|3993, 1475853995639|3900, 1475853996269|3914, 1475853996919|4000]
handlers:subtestevent:[1475853984863|3342, 1475853985742|3914, 1475853986317|4000, 1475853987030|4000, 1475853987653|4000, 1475853988410|3994, 1475853988966|4000, 1475853989760|3915, 1475853990459|3752, 1475853991147|3914, 1475853991910|4000, 1475853992588|3882, 1475853993087|3988, 1475853993774|3738, 1475853994530|3736, 1475853995488|4000, 1475853996180|4000, 1475853996905|4000, 1475853997204|3907, 1475853997331|3896]
handlers:subtestevent:[1475853984983|3898, 1475853985544|3997, 1475853986108|3908, 1475853986822|3884, 1475853987484|3998, 1475853988014|4000, 1475853988782|3992, 1475853989460|4000, 1475853990031|3997, 1475853990639|3918, 1475853991286|4000, 1475853992036|4000, 1475853992629|4000, 1475853993337|3991, 1475853994115|4000, 1475853994815|3905, 1475853995628|3900, 1475853996249|3741, 1475853996857|3896, 1475853997210|3907]
handlers:subtestevent:[1475853985151|3916, 1475853985967|4000, 1475853986610|3997, 1475853987188|3906, 1475853987742|4000, 1475853988269|3901, 1475853988981|4000, 1475853989617|3736, 1475853990283|4000, 1475853990999|3911, 1475853991637|3991, 1475853992237|3995, 1475853992830|3915, 1475853993476|3994, 1475853994200|3904, 1475853995028|3912, 1475853995741|4000, 1475853996299|3994, 1475853996691|4000, 1475853997121|3994]
publish:testevent:[1475853984541|41, 1475853984840|140, 1475853985537|219, 1475853986148|169, 1475853986835|257, 1475853987441|169, 1475853988108|192, 1475853988573|212, 1475853989109|188, 1475853989816|185, 1475853990498|209, 1475853991219|259, 1475853991980|221, 1475853992652|224, 1475853993338|239, 1475853994091|239, 1475853994909|294, 1475853995756|276, 1475853996422|295, 1475853997032|172]
publish:testevent:[1475853984541|41, 1475853984840|140, 1475853985537|219, 1475853986148|169, 1475853986835|257, 1475853987441|169, 1475853988108|192, 1475853988573|212, 1475853989109|188, 1475853989816|185, 1475853990498|209, 1475853991219|259, 1475853991980|221, 1475853992652|224, 1475853993338|239, 1475853994091|239, 1475853994909|294, 1475853995756|276, 1475853996422|295, 1475853997032|172]
publish:testevent:[1475853984591|86, 1475853985078|255, 1475853985756|100, 1475853986379|187, 1475853986825|154, 1475853987528|264, 1475853988245|243, 1475853988831|177, 1475853989448|257, 1475853990063|206, 1475853990758|239, 1475853991334|225, 1475853991863|109, 1475853992570|136, 1475853993187|201, 1475853993654|182, 1475853994403|304, 1475853995237|260, 1475853996000|213, 1475853996692|233]
publish:testevent:[1475853984664|161, 1475853985247|246, 1475853985636|86, 1475853986244|244, 1475853986800|235, 1475853987520|278, 1475853988122|198, 1475853988803|186, 1475853989448|183, 1475853990173|244, 1475853990777|193, 1475853991424|157, 1475853992301|217, 1475853993012|197, 1475853993649|217, 1475853994306|226, 1475853995024|224, 1475853995865|240, 1475853996613|266, 1475853997101|113]
publish:testevent:[1475853984578|75, 1475853984957|206, 1475853985783|270, 1475853986302|127, 1475853986808|259, 1475853987387|172, 1475853988111|265, 1475853988866|218, 1475853989430|120, 1475853989940|182, 1475853990553|137, 1475853991141|226, 1475853991893|295, 1475853992483|259, 1475853993077|238, 1475853993729|234, 1475853994421|276, 1475853995220|247, 1475853995928|196, 1475853996498|206]
publish:testevent:[1475853984544|40, 1475853984808|138, 1475853985579|245, 1475853986185|165, 1475853986648|91, 1475853987090|183, 1475853987798|222, 1475853988338|211, 1475853989022|228, 1475853989795|291, 1475853990347|184, 1475853990991|231, 1475853991743|280, 1475853992576|240, 1475853993070|131, 1475853993752|242, 1475853994654|338, 1475853995391|297, 1475853996034|170, 1475853996586|94]
publish:testevent:[1475853984691|172, 1475853985400|286, 1475853985993|97, 1475853986660|210, 1475853987257|230, 1475853987892|233, 1475853988454|208, 1475853989012|75, 1475853989730|223, 1475853990216|169, 1475853990801|253, 1475853991289|170, 1475853991763|125, 1475853992403|167, 1475853992961|214, 1475853993471|147, 1475853994158|309, 1475853994775|189, 1475853995685|281, 1475853996436|245]
publish:testevent:[1475853984660|138, 1475853985348|289, 1475853985769|139, 1475853986381|156, 1475853987043|166, 1475853987614|190, 1475853988282|197, 1475853988881|261, 1475853989314|124, 1475853989947|210, 1475853990446|135, 1475853991105|259, 1475853991713|250, 1475853992329|145, 1475853992984|221, 1475853993604|280, 1475853994265|256, 1475853995117|274, 1475853995861|222, 1475853996471|202]
publish:testevent:[1475853984595|73, 1475853985152|289, 1475853985953|211, 1475853986547|230, 1475853987225|195, 1475853987861|208, 1475853988509|99, 1475853989213|247, 1475853989992|232, 1475853990630|171, 1475853991320|173, 1475853992115|205, 1475853992809|221, 1475853993336|249, 1475853993963|189, 1475853994837|307, 1475853995744|256, 1475853996455|275, 1475853997054|149, 1475853997252|48]
publish:testevent:[1475853984646|123, 1475853985227|226, 1475853985716|172, 1475853986324|216, 1475853987034|212, 1475853987615|131, 1475853988286|271, 1475853989069|287, 1475853989617|157, 1475853990155|124, 1475853990746|107, 1475853991483|197, 1475853992218|182, 1475853992892|263, 1475853993608|271, 1475853994447|332, 1475853995059|244, 1475853995822|194, 1475853996472|223, 1475853997049|192]
publish:testevent:[1475853984723|176, 1475853985408|257, 1475853986190|223, 1475853986837|227, 1475853987346|158, 1475853987928|186, 1475853988515|246, 1475853989193|212, 1475853989824|207, 1475853990490|207, 1475853991245|246, 1475853991924|287, 1475853992504|266, 1475853993017|187, 1475853993741|265, 1475853994440|240, 1475853995331|303, 1475853995908|166, 1475853996375|76, 1475853996867|176]
