###### EXPERIMENT ##########
Experiment Read Write Low Concurrency with 3 workloads
	Publisher(39089ms)->Parallel tasks:10,start after 2SECONDS,run 20 times
	Subscriber(39088ms)->Parallel tasks:1,start immediately,run until Publisher ends
	Unsubscriber(39088ms)->Parallel tasks:1,start after 5SECONDS,run until Publisher ends

and additional parameters:
	Delay after subscribing a single batch of listeners:30
	Number of Unsubscriber threads:1
	Number of batches to process with each publisher:20
	Listener factory:ListenerFactory{1000 instances of SubTestEventListener | 1000 instances of TestEventListener | 1000 instances of AllEventsListener | }
	Delay after unsubscribing a single batch of listeners:100
	Eventbus:Mbassador
	Report base dir:/home/bennidi/Development/workspaces/mbassador/eventbus-performance/results/Read Write Low Concurrency/1403637428442/
	Base path:/home/bennidi/Development/workspaces/mbassador/eventbus-performance/results
	Number of publisher threads:10
	Batch size per publisher:1000
	Number of Subscriber threads:1


##### COLLECTORS ########
handlers:subtestevent:[1403637389633|3771, 1403637391452|3904, 1403637393269|4000, 1403637394969|3999, 1403637396760|3999, 1403637398352|3977, 1403637400062|3914, 1403637401998|3998, 1403637403734|4000, 1403637405580|3999, 1403637407333|4000, 1403637409155|3992, 1403637410980|3996, 1403637412833|4000, 1403637414538|4000, 1403637416367|3727, 1403637418200|3901, 1403637419600|3909, 1403637421315|3999, 1403637422566|3995]
handlers:subtestevent:[1403637389633|3771, 1403637391452|3904, 1403637393269|4000, 1403637394969|3999, 1403637396760|3999, 1403637398352|3977, 1403637400062|3914, 1403637401998|3998, 1403637403734|4000, 1403637405580|3999, 1403637407333|4000, 1403637409155|3992, 1403637410980|3996, 1403637412833|4000, 1403637414538|4000, 1403637416367|3727, 1403637418200|3901, 1403637419600|3909, 1403637421315|3999, 1403637422566|3995]
handlers:subtestevent:[1403637389699|4000, 1403637391331|4000, 1403637393108|3898, 1403637394817|3997, 1403637396632|3976, 1403637398558|3911, 1403637400343|3914, 1403637402263|3902, 1403637404159|3744, 1403637406115|3864, 1403637407919|3905, 1403637409767|3989, 1403637411570|3908, 1403637413256|4000, 1403637415098|3999, 1403637416942|4000, 1403637418744|3995, 1403637420491|3738, 1403637422206|3890, 1403637423504|3752]
handlers:subtestevent:[1403637389742|3906, 1403637391590|3995, 1403637393325|3913, 1403637395169|4000, 1403637396971|3991, 1403637398817|4000, 1403637400394|3914, 1403637402274|3902, 1403637404153|4000, 1403637405874|3992, 1403637407548|4000, 1403637409330|3910, 1403637411126|4000, 1403637412986|3994, 1403637414784|3907, 1403637416646|3995, 1403637418404|3909, 1403637420192|3812, 1403637422029|3901, 1403637423441|3910]
handlers:subtestevent:[1403637389759|3996, 1403637391593|3995, 1403637393264|3995, 1403637394996|3861, 1403637396211|3741, 1403637397907|3744, 1403637399659|3745, 1403637401465|3907, 1403637403399|3936, 1403637405223|3829, 1403637407158|3738, 1403637408841|3996, 1403637410492|3996, 1403637412378|3992, 1403637414182|3964, 1403637416009|3999, 1403637417890|3903, 1403637419287|3750, 1403637421118|3891, 1403637422891|4000]
handlers:subtestevent:[1403637389843|3908, 1403637391665|3910, 1403637393347|3993, 1403637395056|3993, 1403637396849|3988, 1403637398854|3990, 1403637400725|3996, 1403637402545|3954, 1403637404198|3995, 1403637406153|3984, 1403637408091|4000, 1403637410000|3997, 1403637411861|3764, 1403637413744|3742, 1403637415469|3872, 1403637417120|3998, 1403637418873|4000, 1403637420732|3924, 1403637422553|3995, 1403637423528|3919]
handlers:subtestevent:[1403637389523|3754, 1403637391304|4000, 1403637392953|3998, 1403637394707|3874, 1403637396398|3914, 1403637398251|3998, 1403637400111|3995, 1403637401722|4000, 1403637403411|3936, 1403637405398|3999, 1403637407155|3738, 1403637409013|3832, 1403637410808|4000, 1403637412610|4000, 1403637414523|4000, 1403637416333|4000, 1403637418214|3901, 1403637420103|3916, 1403637422000|3739, 1403637423403|3746]
handlers:subtestevent:[1403637389766|3996, 1403637391586|3907, 1403637393236|3995, 1403637394930|3920, 1403637396674|4000, 1403637397867|3994, 1403637399611|3994, 1403637401355|3829, 1403637403046|3996, 1403637404820|3993, 1403637406822|3747, 1403637408876|3996, 1403637410592|3910, 1403637412234|3951, 1403637413895|4000, 1403637415471|3872, 1403637417274|3914, 1403637419071|3998, 1403637420771|3999, 1403637422484|4000]
handlers:subtestevent:[1403637389805|4000, 1403637391541|3742, 1403637393131|3993, 1403637394749|4000, 1403637396479|3996, 1403637398395|4000, 1403637400197|3977, 1403637401779|3997, 1403637403615|3912, 1403637405651|3855, 1403637407281|3885, 1403637409319|3910, 1403637411200|3992, 1403637413017|3994, 1403637414778|3907, 1403637416547|4000, 1403637418313|3847, 1403637420215|3812, 1403637421933|3994, 1403637423449|3996]
handlers:subtestevent:[1403637389724|3906, 1403637391537|3742, 1403637393277|3752, 1403637394915|3747, 1403637396769|3999, 1403637398707|3992, 1403637400426|3989, 1403637402278|3902, 1403637403984|3738, 1403637405870|3992, 1403637407646|3989, 1403637409262|3991, 1403637411026|3996, 1403637412985|3994, 1403637414661|3883, 1403637416433|3996, 1403637418136|3995, 1403637419948|3995, 1403637421744|3990, 1403637423269|3997]
handlers:subtestevent:[1403637389760|3996, 1403637391758|3878, 1403637393475|3997, 1403637395142|3992, 1403637396898|3742, 1403637398791|4000, 1403637400551|3750, 1403637402355|3741, 1403637404169|3915, 1403637405499|4000, 1403637407341|4000, 1403637409216|3890, 1403637411054|3794, 1403637412855|3903, 1403637414629|3999, 1403637416436|3996, 1403637418251|3998, 1403637420106|3916, 1403637421901|3904, 1403637423430|3910]
subscribe:[1403637385911|518, 1403637385945|4, 1403637385979|3, 1403637386012|3, 1403637386045|3, 1403637386078|2, 1403637386114|2, 1403637386147|2, 1403637386181|3, 1403637386214|2, 1403637386247|2, 1403637386280|2, 1403637386313|3, 1403637386346|3, 1403637386379|3, 1403637386412|3, 1403637386444|2, 1403637386477|2, 1403637386510|2, 1403637386546|5, 1403637386579|2, 1403637386612|2, 1403637386650|5, 1403637386683|2, 1403637386718|2, 1403637386755|2, 1403637386800|12, 1403637386869|5, 1403637386918|17, 1403637386984|24, 1403637387019|3, 1403637387086|14, 1403637387121|3, 1403637387178|11, 1403637387221|11, 1403637387302|2, 1403637387337|2, 1403637387374|2, 1403637387409|2, 1403637387496|16, 1403637387531|2, 1403637387609|2, 1403637387654|2, 1403637387692|5, 1403637387725|1, 1403637387797|2, 1403637387830|2, 1403637387865|2, 1403637387898|2, 1403637387932|2, 1403637387988|2, 1403637388021|1, 1403637388101|5, 1403637388134|2, 1403637388170|4, 1403637388203|2, 1403637388237|2, 1403637388320|18, 1403637388354|2, 1403637388398|2, 1403637388434|1, 1403637388468|2, 1403637388499|1, 1403637388531|1, 1403637388566|1, 1403637388601|1, 1403637388632|1, 1403637388735|0, 1403637388766|0, 1403637388797|0, 1403637388828|0, 1403637388859|0, 1403637388917|1, 1403637388947|0, 1403637388979|0, 1403637389010|0, 1403637389041|1, 1403637389072|0, 1403637389138|0, 1403637389169|0, 1403637389224|0, 1403637389254|0, 1403637389287|0, 1403637389317|0, 1403637389348|0, 1403637389448|0, 1403637389479|1, 1403637389511|0, 1403637389542|0, 1403637389574|0, 1403637389616|0, 1403637389647|0, 1403637389678|0, 1403637389717|0, 1403637389748|0, 1403637389803|0, 1403637389834|0, 1403637389865|0, 1403637389900|0, 1403637389931|0, 1403637389962|0, 1403637390035|0, 1403637390065|0, 1403637390097|0, 1403637390127|0, 1403637390158|0, 1403637390219|0, 1403637390250|0, 1403637390281|0, 1403637390337|0, 1403637390368|0, 1403637390400|0, 1403637390432|0, 1403637390463|0, 1403637390528|0, 1403637390559|0, 1403637390596|0, 1403637390627|0, 1403637390658|0, 1403637390723|1, 1403637390753|0, 1403637390784|0, 1403637390841|0, 1403637390872|0, 1403637390904|0, 1403637390935|1, 1403637390965|0, 1403637391032|0, 1403637391062|0, 1403637391093|0, 1403637391134|0, 1403637391165|1, 1403637391196|0, 1403637391231|0, 1403637391261|0, 1403637391297|0, 1403637391331|0, 1403637391362|0, 1403637391402|0, 1403637391434|0, 1403637391465|1, 1403637391525|0, 1403637391556|0, 1403637391587|1, 1403637391629|0, 1403637391660|0, 1403637391691|1, 1403637391734|0, 1403637391765|1, 1403637391801|0, 1403637391841|0, 1403637391872|0, 1403637391927|0, 1403637391958|0, 1403637391989|0, 1403637392041|0, 1403637392072|1, 1403637392104|0, 1403637392137|0, 1403637392168|0, 1403637392229|0, 1403637392260|1, 1403637392290|0, 1403637392331|0, 1403637392362|0, 1403637392393|0, 1403637392429|1, 1403637392459|0, 1403637392490|0, 1403637392526|0, 1403637392557|0, 1403637392588|0, 1403637392627|0, 1403637392693|1, 1403637392724|0, 1403637392780|0, 1403637392810|0, 1403637392841|0, 1403637392874|0, 1403637392905|0, 1403637392980|0, 1403637393020|10, 1403637393053|0, 1403637393084|0, 1403637393114|0, 1403637393169|0, 1403637393200|0, 1403637393231|0, 1403637393268|1, 1403637393298|0, 1403637393329|0, 1403637393367|0, 1403637393398|0, 1403637393429|0, 1403637393484|0, 1403637393514|0, 1403637393546|0, 1403637393579|0, 1403637393610|0, 1403637393681|0, 1403637393712|1, 1403637393745|0, 1403637393780|0, 1403637393811|0, 1403637393884|0, 1403637393914|0, 1403637393946|0, 1403637393981|0, 1403637394012|0, 1403637394076|0, 1403637394107|1, 1403637394137|0, 1403637394187|0, 1403637394217|0, 1403637394249|0, 1403637394282|0, 1403637394313|0, 1403637394382|0, 1403637394413|0, 1403637394444|0, 1403637394493|0, 1403637394524|0, 1403637394587|0, 1403637394618|0, 1403637394649|0, 1403637394684|0, 1403637394715|0, 1403637394749|0, 1403637394784|0, 1403637394815|0, 1403637394886|2, 1403637394917|0, 1403637394948|0, 1403637394987|0, 1403637395018|0, 1403637395052|0, 1403637395088|0, 1403637395119|0, 1403637395154|0, 1403637395188|0, 1403637395219|0, 1403637395258|1, 1403637395289|1, 1403637395320|1, 1403637395358|0, 1403637395389|0, 1403637395420|0, 1403637395456|0, 1403637395494|2, 1403637395525|0, 1403637395560|0, 1403637395590|0, 1403637395621|0, 1403637395696|2, 1403637395727|0, 1403637395758|0, 1403637395791|0, 1403637395821|0, 1403637395898|0, 1403637395929|1, 1403637396012|0, 1403637396043|0, 1403637396090|1, 1403637396120|0, 1403637396151|0, 1403637396191|0, 1403637396222|0, 1403637396253|0, 1403637396301|0, 1403637396332|1, 1403637396363|0, 1403637396394|1, 1403637396424|0, 1403637396486|1, 1403637396519|0, 1403637396550|0, 1403637396600|0, 1403637396631|0, 1403637396663|0, 1403637396694|0, 1403637396725|0, 1403637396816|0, 1403637396846|0, 1403637396881|1, 1403637396911|0, 1403637396942|0, 1403637396978|0, 1403637397036|0, 1403637397067|0, 1403637397100|0, 1403637397131|0, 1403637397165|0, 1403637397228|0, 1403637397259|1, 1403637397293|1, 1403637397323|0, 1403637397354|0, 1403637397413|0, 1403637397444|0, 1403637397509|0, 1403637397540|0, 1403637397571|0, 1403637397604|0, 1403637397634|0, 1403637397670|0, 1403637397705|0, 1403637397736|0, 1403637397779|0, 1403637397809|0, 1403637397840|0, 1403637397895|0, 1403637397928|0, 1403637397959|0, 1403637398011|0, 1403637398042|0, 1403637398073|0, 1403637398106|0, 1403637398137|0, 1403637398177|0, 1403637398208|0, 1403637398239|0, 1403637398309|0, 1403637398340|0, 1403637398373|0, 1403637398408|1, 1403637398438|0, 1403637398486|0, 1403637398531|0, 1403637398562|0, 1403637398618|17, 1403637398649|0, 1403637398680|0, 1403637398710|0, 1403637398741|0, 1403637398790|7, 1403637398821|0, 1403637398851|0, 1403637398887|1, 1403637398934|0, 1403637398965|1, 1403637399000|0, 1403637399038|2, 1403637399069|0, 1403637399109|0, 1403637399139|0, 1403637399170|0, 1403637399206|0, 1403637399236|0, 1403637399267|0, 1403637399335|0, 1403637399365|0, 1403637399418|0, 1403637399449|0, 1403637399481|0, 1403637399536|9, 1403637399567|0, 1403637399598|0, 1403637399634|0, 1403637399665|0, 1403637399696|0, 1403637399742|0, 1403637399773|0, 1403637399807|0, 1403637399837|0, 1403637399868|0, 1403637399942|1, 1403637399972|0, 1403637400010|0, 1403637400040|0, 1403637400071|0, 1403637400138|0, 1403637400169|0, 1403637400201|0, 1403637400244|0, 1403637400274|0, 1403637400309|0, 1403637400340|0, 1403637400416|0, 1403637400447|0, 1403637400477|0, 1403637400528|0, 1403637400558|0, 1403637400589|0, 1403637400624|1, 1403637400654|0, 1403637400685|0, 1403637400760|0, 1403637400790|0, 1403637400821|0, 1403637400852|0, 1403637400883|0, 1403637400925|0, 1403637400956|0, 1403637400990|0, 1403637401054|0, 1403637401085|0, 1403637401117|0, 1403637401147|0, 1403637401178|0, 1403637401237|0, 1403637401267|0, 1403637401298|0, 1403637401344|0, 1403637401376|0, 1403637401408|0, 1403637401444|0, 1403637401475|0, 1403637401545|0, 1403637401579|0, 1403637401610|0, 1403637401645|0, 1403637401676|0, 1403637401713|0, 1403637401745|0, 1403637401776|0, 1403637401868|21, 1403637401899|0, 1403637401930|0, 1403637401960|0, 1403637401991|0, 1403637402065|0, 1403637402096|0, 1403637402129|0, 1403637402160|0, 1403637402191|0, 1403637402226|0, 1403637402257|0, 1403637402288|0, 1403637402339|0, 1403637402369|0, 1403637402402|0, 1403637402476|0, 1403637402507|0, 1403637402549|0, 1403637402579|0, 1403637402644|0, 1403637402674|0, 1403637402705|0, 1403637402739|0, 1403637402770|0, 1403637402820|0, 1403637402852|0, 1403637402883|0, 1403637402954|0, 1403637402985|0, 1403637403044|0, 1403637403080|0, 1403637403111|0, 1403637403158|0, 1403637403189|0, 1403637403220|0, 1403637403254|0, 1403637403285|1, 1403637403357|0, 1403637403388|0, 1403637403420|0, 1403637403454|0, 1403637403485|0, 1403637403555|0, 1403637403603|0, 1403637403636|0, 1403637403667|0, 1403637403697|0, 1403637403732|0, 1403637403763|0, 1403637403829|0, 1403637403859|0, 1403637403890|0, 1403637403954|0, 1403637403985|0, 1403637404016|1, 1403637404055|0, 1403637404089|1, 1403637404120|1, 1403637404160|0, 1403637404191|1, 1403637404250|1, 1403637404280|0, 1403637404311|0, 1403637404351|0, 1403637404381|0, 1403637404412|0, 1403637404460|0, 1403637404490|0, 1403637404523|0, 1403637404560|0, 1403637404591|0, 1403637404652|0, 1403637404683|0, 1403637404751|0, 1403637404781|0, 1403637404812|0, 1403637404849|0, 1403637404881|0, 1403637405000|88, 1403637405030|0, 1403637405061|0, 1403637405095|0, 1403637405126|0, 1403637405157|0, 1403637405208|1, 1403637405238|0, 1403637405270|0, 1403637405302|0, 1403637405333|0, 1403637405409|0, 1403637405440|0, 1403637405472|0, 1403637405503|1, 1403637405533|0, 1403637405624|0, 1403637405654|0, 1403637405687|0, 1403637405717|0, 1403637405748|0, 1403637405785|0, 1403637405816|0, 1403637405847|1, 1403637405881|0, 1403637405911|0, 1403637405942|0, 1403637405996|0, 1403637406026|0, 1403637406070|0, 1403637406105|0, 1403637406136|0, 1403637406168|0, 1403637406212|0, 1403637406243|1, 1403637406289|0, 1403637406320|1, 1403637406350|0, 1403637406420|0, 1403637406451|1, 1403637406481|0, 1403637406512|0, 1403637406543|0, 1403637406581|0, 1403637406611|0, 1403637406642|0, 1403637406707|0, 1403637406738|1, 1403637406768|0, 1403637406807|0, 1403637406837|0, 1403637406869|0, 1403637406924|0, 1403637406954|0, 1403637406985|0, 1403637407064|0, 1403637407094|0, 1403637407130|0, 1403637407160|0, 1403637407191|0, 1403637407262|1, 1403637407292|0, 1403637407327|0, 1403637407358|0, 1403637407389|0, 1403637407451|0, 1403637407482|0, 1403637407517|0, 1403637407599|0, 1403637407629|0, 1403637407664|0, 1403637407695|0, 1403637407726|0, 1403637407764|0, 1403637407795|0, 1403637407826|0, 1403637407867|5, 1403637407898|0, 1403637407929|0, 1403637407964|0, 1403637407996|0, 1403637408027|0, 1403637408083|0, 1403637408114|0, 1403637408146|0, 1403637408197|0, 1403637408228|0, 1403637408260|0, 1403637408299|1, 1403637408329|0, 1403637408364|0, 1403637408397|0, 1403637408428|0, 1403637408463|0, 1403637408498|0, 1403637408528|0, 1403637408599|0, 1403637408630|0, 1403637408663|0, 1403637408698|0, 1403637408729|0, 1403637408764|0, 1403637408803|0, 1403637408834|1, 1403637408894|1, 1403637408927|0, 1403637408958|0, 1403637409012|0, 1403637409043|0, 1403637409074|0, 1403637409105|0, 1403637409136|1, 1403637409177|0, 1403637409207|0, 1403637409238|0, 1403637409273|0, 1403637409304|0, 1403637409335|1, 1403637409369|0, 1403637409403|0, 1403637409434|0, 1403637409535|0, 1403637409565|0, 1403637409597|0, 1403637409628|0, 1403637409659|0, 1403637409694|0, 1403637409727|0, 1403637409758|0, 1403637409792|0, 1403637409828|0, 1403637409858|0, 1403637409923|0, 1403637409953|0, 1403637409984|0, 1403637410060|0, 1403637410090|0, 1403637410122|1, 1403637410152|0, 1403637410184|0, 1403637410232|0, 1403637410263|0, 1403637410294|0, 1403637410335|0, 1403637410366|0, 1403637410404|0, 1403637410435|0, 1403637410466|0, 1403637410515|0, 1403637410546|0, 1403637410602|1, 1403637410632|0, 1403637410663|0, 1403637410732|1, 1403637410762|0, 1403637410794|0, 1403637410833|0, 1403637410864|0, 1403637410912|0, 1403637410943|1, 1403637410973|0, 1403637411035|0, 1403637411066|1, 1403637411097|0, 1403637411133|0, 1403637411192|0, 1403637411233|0, 1403637411264|1, 1403637411294|0, 1403637411330|1, 1403637411360|0, 1403637411391|0, 1403637411427|0, 1403637411457|0, 1403637411488|0, 1403637411527|0, 1403637411557|0, 1403637411588|0, 1403637411635|0, 1403637411665|0, 1403637411698|0, 1403637411740|0, 1403637411771|0, 1403637411840|1, 1403637411870|0, 1403637411903|0, 1403637411936|0, 1403637411967|1, 1403637412001|0, 1403637412037|0, 1403637412072|0, 1403637412158|0, 1403637412189|0, 1403637412239|0, 1403637412270|0, 1403637412303|0, 1403637412337|0, 1403637412368|0, 1403637412404|0, 1403637412444|0, 1403637412475|0, 1403637412538|0, 1403637412569|0, 1403637412600|0, 1403637412639|0, 1403637412671|0, 1403637412706|0, 1403637412739|0, 1403637412772|0, 1403637412808|0, 1403637412840|0, 1403637412870|0, 1403637412907|0, 1403637412940|0, 1403637412970|0, 1403637413024|1, 1403637413057|1, 1403637413090|3, 1403637413146|0, 1403637413177|0, 1403637413209|0, 1403637413274|0, 1403637413305|0, 1403637413394|0, 1403637413425|0, 1403637413456|0, 1403637413487|1, 1403637413517|0, 1403637413593|1, 1403637413623|0, 1403637413658|0, 1403637413744|0, 1403637413775|0, 1403637413829|8, 1403637413860|0, 1403637413892|0, 1403637413923|0, 1403637413954|0, 1403637414003|0, 1403637414034|0, 1403637414065|0, 1403637414132|5, 1403637414162|0, 1403637414194|0, 1403637414224|0, 1403637414255|0, 1403637414291|0, 1403637414322|0, 1403637414353|0, 1403637414393|0, 1403637414424|0, 1403637414455|0, 1403637414508|0, 1403637414556|0, 1403637414587|0, 1403637414660|0, 1403637414690|0, 1403637414735|0, 1403637414766|0, 1403637414797|1, 1403637414832|0, 1403637414862|0, 1403637414923|0, 1403637414954|0, 1403637414985|0, 1403637415024|0, 1403637415054|0, 1403637415085|0, 1403637415180|0, 1403637415210|0, 1403637415251|0, 1403637415282|0, 1403637415314|0, 1403637415359|0, 1403637415389|0, 1403637415454|0, 1403637415486|0, 1403637415519|0, 1403637415554|0, 1403637415619|0, 1403637415653|0, 1403637415684|1, 1403637415716|0, 1403637415756|1, 1403637415786|0, 1403637415854|0, 1403637415885|1, 1403637415916|0, 1403637415956|0, 1403637415987|0, 1403637416092|0, 1403637416122|0, 1403637416160|0, 1403637416191|0, 1403637416226|0, 1403637416259|0, 1403637416290|1, 1403637416373|0, 1403637416404|0, 1403637416471|0, 1403637416502|0, 1403637416536|0, 1403637416567|0, 1403637416598|1, 1403637416648|0, 1403637416678|0, 1403637416709|0, 1403637416763|0, 1403637416804|0, 1403637416835|0, 1403637416866|0, 1403637416897|0, 1403637416934|0, 1403637416964|0, 1403637416995|0, 1403637417071|7, 1403637417104|0, 1403637417172|0, 1403637417203|0, 1403637417236|1, 1403637417266|0, 1403637417297|0, 1403637417376|0, 1403637417407|0, 1403637417468|0, 1403637417498|0, 1403637417530|0, 1403637417564|0, 1403637417596|0, 1403637417668|0, 1403637417699|1, 1403637417730|0, 1403637417765|0, 1403637417796|0, 1403637417835|0, 1403637417866|0, 1403637417897|1, 1403637417979|0, 1403637418027|0, 1403637418058|0, 1403637418089|0, 1403637418120|0, 1403637418159|0, 1403637418189|0, 1403637418220|0, 1403637418284|0, 1403637418314|0, 1403637418346|0, 1403637418377|1, 1403637418407|0, 1403637418458|0, 1403637418488|0, 1403637418519|0, 1403637418608|0, 1403637418638|0, 1403637418669|0, 1403637418700|1, 1403637418731|0, 1403637418786|0, 1403637418817|0, 1403637418848|0, 1403637418879|0, 1403637418911|0, 1403637418966|0, 1403637418997|0, 1403637419028|0, 1403637419076|0, 1403637419107|0, 1403637419140|0, 1403637419196|0, 1403637419227|1, 1403637419280|0, 1403637419310|0, 1403637419341|0, 1403637419375|0, 1403637419406|1, 1403637419436|0, 1403637419496|0, 1403637419526|0, 1403637419558|0, 1403637419590|0, 1403637419621|0, 1403637419657|0, 1403637419687|0, 1403637419718|0, 1403637419755|0, 1403637419785|0, 1403637419816|0, 1403637419882|6, 1403637419912|0, 1403637419943|0, 1403637419986|1, 1403637420016|0, 1403637420050|0, 1403637420087|0, 1403637420118|0, 1403637420192|1, 1403637420222|0, 1403637420253|0, 1403637420287|0, 1403637420317|0, 1403637420370|0, 1403637420401|1, 1403637420431|0, 1403637420498|0, 1403637420529|0, 1403637420563|1, 1403637420593|0, 1403637420624|0, 1403637420675|0, 1403637420705|0, 1403637420736|0, 1403637420799|0, 1403637420829|0, 1403637420862|0, 1403637420893|0, 1403637420924|1, 1403637420973|0, 1403637421004|1, 1403637421034|0, 1403637421083|0, 1403637421114|0, 1403637421145|0, 1403637421183|0, 1403637421214|1, 1403637421245|0, 1403637421302|0, 1403637421333|0, 1403637421366|0, 1403637421396|0, 1403637421427|0, 1403637421473|0, 1403637421504|0, 1403637421535|0, 1403637421589|0, 1403637421628|0, 1403637421659|1, 1403637421692|0, 1403637421723|0, 1403637421758|0, 1403637421794|0, 1403637421825|0, 1403637421861|0, 1403637421893|0, 1403637421924|0, 1403637421989|0, 1403637422020|0, 1403637422051|0, 1403637422105|0, 1403637422165|0, 1403637422195|0, 1403637422226|0, 1403637422316|0, 1403637422346|0, 1403637422378|0, 1403637422409|1, 1403637422439|0, 1403637422478|0, 1403637422508|0, 1403637422539|0, 1403637422586|0, 1403637422617|0, 1403637422648|0, 1403637422699|0, 1403637422730|1, 1403637422770|0, 1403637422801|0, 1403637422832|0, 1403637422879|0, 1403637422910|1, 1403637422941|1, 1403637422999|0, 1403637423029|0, 1403637423063|1, 1403637423097|0, 1403637423128|0, 1403637423189|0, 1403637423219|0, 1403637423250|0, 1403637423319|18, 1403637423350|0, 1403637423382|0, 1403637423414|1, 1403637423444|0, 1403637423482|0, 1403637423513|0, 1403637423545|1, 1403637423599|0, 1403637423631|0, 1403637423665|0, 1403637423701|1, 1403637423739|7, 1403637423778|0, 1403637423810|1, 1403637423841|0, 1403637423891|0, 1403637423921|0, 1403637423953|0, 1403637423999|0, 1403637424031|1, 1403637424063|0, 1403637424104|1, 1403637424134|0, 1403637424166|1, 1403637424202|0, 1403637424233|0, 1403637424272|0, 1403637424304|0, 1403637424336|1, 1403637424381|0, 1403637424412|0, 1403637424445|0, 1403637424484|0]
subscribe:[1403637385911|518, 1403637385945|4, 1403637385979|3, 1403637386012|3, 1403637386045|3, 1403637386078|2, 1403637386114|2, 1403637386147|2, 1403637386181|3, 1403637386214|2, 1403637386247|2, 1403637386280|2, 1403637386313|3, 1403637386346|3, 1403637386379|3, 1403637386412|3, 1403637386444|2, 1403637386477|2, 1403637386510|2, 1403637386546|5, 1403637386579|2, 1403637386612|2, 1403637386650|5, 1403637386683|2, 1403637386718|2, 1403637386755|2, 1403637386800|12, 1403637386869|5, 1403637386918|17, 1403637386984|24, 1403637387019|3, 1403637387086|14, 1403637387121|3, 1403637387178|11, 1403637387221|11, 1403637387302|2, 1403637387337|2, 1403637387374|2, 1403637387409|2, 1403637387496|16, 1403637387531|2, 1403637387609|2, 1403637387654|2, 1403637387692|5, 1403637387725|1, 1403637387797|2, 1403637387830|2, 1403637387865|2, 1403637387898|2, 1403637387932|2, 1403637387988|2, 1403637388021|1, 1403637388101|5, 1403637388134|2, 1403637388170|4, 1403637388203|2, 1403637388237|2, 1403637388320|18, 1403637388354|2, 1403637388398|2, 1403637388434|1, 1403637388468|2, 1403637388499|1, 1403637388531|1, 1403637388566|1, 1403637388601|1, 1403637388632|1, 1403637388735|0, 1403637388766|0, 1403637388797|0, 1403637388828|0, 1403637388859|0, 1403637388917|1, 1403637388947|0, 1403637388979|0, 1403637389010|0, 1403637389041|1, 1403637389072|0, 1403637389138|0, 1403637389169|0, 1403637389224|0, 1403637389254|0, 1403637389287|0, 1403637389317|0, 1403637389348|0, 1403637389448|0, 1403637389479|1, 1403637389511|0, 1403637389542|0, 1403637389574|0, 1403637389616|0, 1403637389647|0, 1403637389678|0, 1403637389717|0, 1403637389748|0, 1403637389803|0, 1403637389834|0, 1403637389865|0, 1403637389900|0, 1403637389931|0, 1403637389962|0, 1403637390035|0, 1403637390065|0, 1403637390097|0, 1403637390127|0, 1403637390158|0, 1403637390219|0, 1403637390250|0, 1403637390281|0, 1403637390337|0, 1403637390368|0, 1403637390400|0, 1403637390432|0, 1403637390463|0, 1403637390528|0, 1403637390559|0, 1403637390596|0, 1403637390627|0, 1403637390658|0, 1403637390723|1, 1403637390753|0, 1403637390784|0, 1403637390841|0, 1403637390872|0, 1403637390904|0, 1403637390935|1, 1403637390965|0, 1403637391032|0, 1403637391062|0, 1403637391093|0, 1403637391134|0, 1403637391165|1, 1403637391196|0, 1403637391231|0, 1403637391261|0, 1403637391297|0, 1403637391331|0, 1403637391362|0, 1403637391402|0, 1403637391434|0, 1403637391465|1, 1403637391525|0, 1403637391556|0, 1403637391587|1, 1403637391629|0, 1403637391660|0, 1403637391691|1, 1403637391734|0, 1403637391765|1, 1403637391801|0, 1403637391841|0, 1403637391872|0, 1403637391927|0, 1403637391958|0, 1403637391989|0, 1403637392041|0, 1403637392072|1, 1403637392104|0, 1403637392137|0, 1403637392168|0, 1403637392229|0, 1403637392260|1, 1403637392290|0, 1403637392331|0, 1403637392362|0, 1403637392393|0, 1403637392429|1, 1403637392459|0, 1403637392490|0, 1403637392526|0, 1403637392557|0, 1403637392588|0, 1403637392627|0, 1403637392693|1, 1403637392724|0, 1403637392780|0, 1403637392810|0, 1403637392841|0, 1403637392874|0, 1403637392905|0, 1403637392980|0, 1403637393020|10, 1403637393053|0, 1403637393084|0, 1403637393114|0, 1403637393169|0, 1403637393200|0, 1403637393231|0, 1403637393268|1, 1403637393298|0, 1403637393329|0, 1403637393367|0, 1403637393398|0, 1403637393429|0, 1403637393484|0, 1403637393514|0, 1403637393546|0, 1403637393579|0, 1403637393610|0, 1403637393681|0, 1403637393712|1, 1403637393745|0, 1403637393780|0, 1403637393811|0, 1403637393884|0, 1403637393914|0, 1403637393946|0, 1403637393981|0, 1403637394012|0, 1403637394076|0, 1403637394107|1, 1403637394137|0, 1403637394187|0, 1403637394217|0, 1403637394249|0, 1403637394282|0, 1403637394313|0, 1403637394382|0, 1403637394413|0, 1403637394444|0, 1403637394493|0, 1403637394524|0, 1403637394587|0, 1403637394618|0, 1403637394649|0, 1403637394684|0, 1403637394715|0, 1403637394749|0, 1403637394784|0, 1403637394815|0, 1403637394886|2, 1403637394917|0, 1403637394948|0, 1403637394987|0, 1403637395018|0, 1403637395052|0, 1403637395088|0, 1403637395119|0, 1403637395154|0, 1403637395188|0, 1403637395219|0, 1403637395258|1, 1403637395289|1, 1403637395320|1, 1403637395358|0, 1403637395389|0, 1403637395420|0, 1403637395456|0, 1403637395494|2, 1403637395525|0, 1403637395560|0, 1403637395590|0, 1403637395621|0, 1403637395696|2, 1403637395727|0, 1403637395758|0, 1403637395791|0, 1403637395821|0, 1403637395898|0, 1403637395929|1, 1403637396012|0, 1403637396043|0, 1403637396090|1, 1403637396120|0, 1403637396151|0, 1403637396191|0, 1403637396222|0, 1403637396253|0, 1403637396301|0, 1403637396332|1, 1403637396363|0, 1403637396394|1, 1403637396424|0, 1403637396486|1, 1403637396519|0, 1403637396550|0, 1403637396600|0, 1403637396631|0, 1403637396663|0, 1403637396694|0, 1403637396725|0, 1403637396816|0, 1403637396846|0, 1403637396881|1, 1403637396911|0, 1403637396942|0, 1403637396978|0, 1403637397036|0, 1403637397067|0, 1403637397100|0, 1403637397131|0, 1403637397165|0, 1403637397228|0, 1403637397259|1, 1403637397293|1, 1403637397323|0, 1403637397354|0, 1403637397413|0, 1403637397444|0, 1403637397509|0, 1403637397540|0, 1403637397571|0, 1403637397604|0, 1403637397634|0, 1403637397670|0, 1403637397705|0, 1403637397736|0, 1403637397779|0, 1403637397809|0, 1403637397840|0, 1403637397895|0, 1403637397928|0, 1403637397959|0, 1403637398011|0, 1403637398042|0, 1403637398073|0, 1403637398106|0, 1403637398137|0, 1403637398177|0, 1403637398208|0, 1403637398239|0, 1403637398309|0, 1403637398340|0, 1403637398373|0, 1403637398408|1, 1403637398438|0, 1403637398486|0, 1403637398531|0, 1403637398562|0, 1403637398618|17, 1403637398649|0, 1403637398680|0, 1403637398710|0, 1403637398741|0, 1403637398790|7, 1403637398821|0, 1403637398851|0, 1403637398887|1, 1403637398934|0, 1403637398965|1, 1403637399000|0, 1403637399038|2, 1403637399069|0, 1403637399109|0, 1403637399139|0, 1403637399170|0, 1403637399206|0, 1403637399236|0, 1403637399267|0, 1403637399335|0, 1403637399365|0, 1403637399418|0, 1403637399449|0, 1403637399481|0, 1403637399536|9, 1403637399567|0, 1403637399598|0, 1403637399634|0, 1403637399665|0, 1403637399696|0, 1403637399742|0, 1403637399773|0, 1403637399807|0, 1403637399837|0, 1403637399868|0, 1403637399942|1, 1403637399972|0, 1403637400010|0, 1403637400040|0, 1403637400071|0, 1403637400138|0, 1403637400169|0, 1403637400201|0, 1403637400244|0, 1403637400274|0, 1403637400309|0, 1403637400340|0, 1403637400416|0, 1403637400447|0, 1403637400477|0, 1403637400528|0, 1403637400558|0, 1403637400589|0, 1403637400624|1, 1403637400654|0, 1403637400685|0, 1403637400760|0, 1403637400790|0, 1403637400821|0, 1403637400852|0, 1403637400883|0, 1403637400925|0, 1403637400956|0, 1403637400990|0, 1403637401054|0, 1403637401085|0, 1403637401117|0, 1403637401147|0, 1403637401178|0, 1403637401237|0, 1403637401267|0, 1403637401298|0, 1403637401344|0, 1403637401376|0, 1403637401408|0, 1403637401444|0, 1403637401475|0, 1403637401545|0, 1403637401579|0, 1403637401610|0, 1403637401645|0, 1403637401676|0, 1403637401713|0, 1403637401745|0, 1403637401776|0, 1403637401868|21, 1403637401899|0, 1403637401930|0, 1403637401960|0, 1403637401991|0, 1403637402065|0, 1403637402096|0, 1403637402129|0, 1403637402160|0, 1403637402191|0, 1403637402226|0, 1403637402257|0, 1403637402288|0, 1403637402339|0, 1403637402369|0, 1403637402402|0, 1403637402476|0, 1403637402507|0, 1403637402549|0, 1403637402579|0, 1403637402644|0, 1403637402674|0, 1403637402705|0, 1403637402739|0, 1403637402770|0, 1403637402820|0, 1403637402852|0, 1403637402883|0, 1403637402954|0, 1403637402985|0, 1403637403044|0, 1403637403080|0, 1403637403111|0, 1403637403158|0, 1403637403189|0, 1403637403220|0, 1403637403254|0, 1403637403285|1, 1403637403357|0, 1403637403388|0, 1403637403420|0, 1403637403454|0, 1403637403485|0, 1403637403555|0, 1403637403603|0, 1403637403636|0, 1403637403667|0, 1403637403697|0, 1403637403732|0, 1403637403763|0, 1403637403829|0, 1403637403859|0, 1403637403890|0, 1403637403954|0, 1403637403985|0, 1403637404016|1, 1403637404055|0, 1403637404089|1, 1403637404120|1, 1403637404160|0, 1403637404191|1, 1403637404250|1, 1403637404280|0, 1403637404311|0, 1403637404351|0, 1403637404381|0, 1403637404412|0, 1403637404460|0, 1403637404490|0, 1403637404523|0, 1403637404560|0, 1403637404591|0, 1403637404652|0, 1403637404683|0, 1403637404751|0, 1403637404781|0, 1403637404812|0, 1403637404849|0, 1403637404881|0, 1403637405000|88, 1403637405030|0, 1403637405061|0, 1403637405095|0, 1403637405126|0, 1403637405157|0, 1403637405208|1, 1403637405238|0, 1403637405270|0, 1403637405302|0, 1403637405333|0, 1403637405409|0, 1403637405440|0, 1403637405472|0, 1403637405503|1, 1403637405533|0, 1403637405624|0, 1403637405654|0, 1403637405687|0, 1403637405717|0, 1403637405748|0, 1403637405785|0, 1403637405816|0, 1403637405847|1, 1403637405881|0, 1403637405911|0, 1403637405942|0, 1403637405996|0, 1403637406026|0, 1403637406070|0, 1403637406105|0, 1403637406136|0, 1403637406168|0, 1403637406212|0, 1403637406243|1, 1403637406289|0, 1403637406320|1, 1403637406350|0, 1403637406420|0, 1403637406451|1, 1403637406481|0, 1403637406512|0, 1403637406543|0, 1403637406581|0, 1403637406611|0, 1403637406642|0, 1403637406707|0, 1403637406738|1, 1403637406768|0, 1403637406807|0, 1403637406837|0, 1403637406869|0, 1403637406924|0, 1403637406954|0, 1403637406985|0, 1403637407064|0, 1403637407094|0, 1403637407130|0, 1403637407160|0, 1403637407191|0, 1403637407262|1, 1403637407292|0, 1403637407327|0, 1403637407358|0, 1403637407389|0, 1403637407451|0, 1403637407482|0, 1403637407517|0, 1403637407599|0, 1403637407629|0, 1403637407664|0, 1403637407695|0, 1403637407726|0, 1403637407764|0, 1403637407795|0, 1403637407826|0, 1403637407867|5, 1403637407898|0, 1403637407929|0, 1403637407964|0, 1403637407996|0, 1403637408027|0, 1403637408083|0, 1403637408114|0, 1403637408146|0, 1403637408197|0, 1403637408228|0, 1403637408260|0, 1403637408299|1, 1403637408329|0, 1403637408364|0, 1403637408397|0, 1403637408428|0, 1403637408463|0, 1403637408498|0, 1403637408528|0, 1403637408599|0, 1403637408630|0, 1403637408663|0, 1403637408698|0, 1403637408729|0, 1403637408764|0, 1403637408803|0, 1403637408834|1, 1403637408894|1, 1403637408927|0, 1403637408958|0, 1403637409012|0, 1403637409043|0, 1403637409074|0, 1403637409105|0, 1403637409136|1, 1403637409177|0, 1403637409207|0, 1403637409238|0, 1403637409273|0, 1403637409304|0, 1403637409335|1, 1403637409369|0, 1403637409403|0, 1403637409434|0, 1403637409535|0, 1403637409565|0, 1403637409597|0, 1403637409628|0, 1403637409659|0, 1403637409694|0, 1403637409727|0, 1403637409758|0, 1403637409792|0, 1403637409828|0, 1403637409858|0, 1403637409923|0, 1403637409953|0, 1403637409984|0, 1403637410060|0, 1403637410090|0, 1403637410122|1, 1403637410152|0, 1403637410184|0, 1403637410232|0, 1403637410263|0, 1403637410294|0, 1403637410335|0, 1403637410366|0, 1403637410404|0, 1403637410435|0, 1403637410466|0, 1403637410515|0, 1403637410546|0, 1403637410602|1, 1403637410632|0, 1403637410663|0, 1403637410732|1, 1403637410762|0, 1403637410794|0, 1403637410833|0, 1403637410864|0, 1403637410912|0, 1403637410943|1, 1403637410973|0, 1403637411035|0, 1403637411066|1, 1403637411097|0, 1403637411133|0, 1403637411192|0, 1403637411233|0, 1403637411264|1, 1403637411294|0, 1403637411330|1, 1403637411360|0, 1403637411391|0, 1403637411427|0, 1403637411457|0, 1403637411488|0, 1403637411527|0, 1403637411557|0, 1403637411588|0, 1403637411635|0, 1403637411665|0, 1403637411698|0, 1403637411740|0, 1403637411771|0, 1403637411840|1, 1403637411870|0, 1403637411903|0, 1403637411936|0, 1403637411967|1, 1403637412001|0, 1403637412037|0, 1403637412072|0, 1403637412158|0, 1403637412189|0, 1403637412239|0, 1403637412270|0, 1403637412303|0, 1403637412337|0, 1403637412368|0, 1403637412404|0, 1403637412444|0, 1403637412475|0, 1403637412538|0, 1403637412569|0, 1403637412600|0, 1403637412639|0, 1403637412671|0, 1403637412706|0, 1403637412739|0, 1403637412772|0, 1403637412808|0, 1403637412840|0, 1403637412870|0, 1403637412907|0, 1403637412940|0, 1403637412970|0, 1403637413024|1, 1403637413057|1, 1403637413090|3, 1403637413146|0, 1403637413177|0, 1403637413209|0, 1403637413274|0, 1403637413305|0, 1403637413394|0, 1403637413425|0, 1403637413456|0, 1403637413487|1, 1403637413517|0, 1403637413593|1, 1403637413623|0, 1403637413658|0, 1403637413744|0, 1403637413775|0, 1403637413829|8, 1403637413860|0, 1403637413892|0, 1403637413923|0, 1403637413954|0, 1403637414003|0, 1403637414034|0, 1403637414065|0, 1403637414132|5, 1403637414162|0, 1403637414194|0, 1403637414224|0, 1403637414255|0, 1403637414291|0, 1403637414322|0, 1403637414353|0, 1403637414393|0, 1403637414424|0, 1403637414455|0, 1403637414508|0, 1403637414556|0, 1403637414587|0, 1403637414660|0, 1403637414690|0, 1403637414735|0, 1403637414766|0, 1403637414797|1, 1403637414832|0, 1403637414862|0, 1403637414923|0, 1403637414954|0, 1403637414985|0, 1403637415024|0, 1403637415054|0, 1403637415085|0, 1403637415180|0, 1403637415210|0, 1403637415251|0, 1403637415282|0, 1403637415314|0, 1403637415359|0, 1403637415389|0, 1403637415454|0, 1403637415486|0, 1403637415519|0, 1403637415554|0, 1403637415619|0, 1403637415653|0, 1403637415684|1, 1403637415716|0, 1403637415756|1, 1403637415786|0, 1403637415854|0, 1403637415885|1, 1403637415916|0, 1403637415956|0, 1403637415987|0, 1403637416092|0, 1403637416122|0, 1403637416160|0, 1403637416191|0, 1403637416226|0, 1403637416259|0, 1403637416290|1, 1403637416373|0, 1403637416404|0, 1403637416471|0, 1403637416502|0, 1403637416536|0, 1403637416567|0, 1403637416598|1, 1403637416648|0, 1403637416678|0, 1403637416709|0, 1403637416763|0, 1403637416804|0, 1403637416835|0, 1403637416866|0, 1403637416897|0, 1403637416934|0, 1403637416964|0, 1403637416995|0, 1403637417071|7, 1403637417104|0, 1403637417172|0, 1403637417203|0, 1403637417236|1, 1403637417266|0, 1403637417297|0, 1403637417376|0, 1403637417407|0, 1403637417468|0, 1403637417498|0, 1403637417530|0, 1403637417564|0, 1403637417596|0, 1403637417668|0, 1403637417699|1, 1403637417730|0, 1403637417765|0, 1403637417796|0, 1403637417835|0, 1403637417866|0, 1403637417897|1, 1403637417979|0, 1403637418027|0, 1403637418058|0, 1403637418089|0, 1403637418120|0, 1403637418159|0, 1403637418189|0, 1403637418220|0, 1403637418284|0, 1403637418314|0, 1403637418346|0, 1403637418377|1, 1403637418407|0, 1403637418458|0, 1403637418488|0, 1403637418519|0, 1403637418608|0, 1403637418638|0, 1403637418669|0, 1403637418700|1, 1403637418731|0, 1403637418786|0, 1403637418817|0, 1403637418848|0, 1403637418879|0, 1403637418911|0, 1403637418966|0, 1403637418997|0, 1403637419028|0, 1403637419076|0, 1403637419107|0, 1403637419140|0, 1403637419196|0, 1403637419227|1, 1403637419280|0, 1403637419310|0, 1403637419341|0, 1403637419375|0, 1403637419406|1, 1403637419436|0, 1403637419496|0, 1403637419526|0, 1403637419558|0, 1403637419590|0, 1403637419621|0, 1403637419657|0, 1403637419687|0, 1403637419718|0, 1403637419755|0, 1403637419785|0, 1403637419816|0, 1403637419882|6, 1403637419912|0, 1403637419943|0, 1403637419986|1, 1403637420016|0, 1403637420050|0, 1403637420087|0, 1403637420118|0, 1403637420192|1, 1403637420222|0, 1403637420253|0, 1403637420287|0, 1403637420317|0, 1403637420370|0, 1403637420401|1, 1403637420431|0, 1403637420498|0, 1403637420529|0, 1403637420563|1, 1403637420593|0, 1403637420624|0, 1403637420675|0, 1403637420705|0, 1403637420736|0, 1403637420799|0, 1403637420829|0, 1403637420862|0, 1403637420893|0, 1403637420924|1, 1403637420973|0, 1403637421004|1, 1403637421034|0, 1403637421083|0, 1403637421114|0, 1403637421145|0, 1403637421183|0, 1403637421214|1, 1403637421245|0, 1403637421302|0, 1403637421333|0, 1403637421366|0, 1403637421396|0, 1403637421427|0, 1403637421473|0, 1403637421504|0, 1403637421535|0, 1403637421589|0, 1403637421628|0, 1403637421659|1, 1403637421692|0, 1403637421723|0, 1403637421758|0, 1403637421794|0, 1403637421825|0, 1403637421861|0, 1403637421893|0, 1403637421924|0, 1403637421989|0, 1403637422020|0, 1403637422051|0, 1403637422105|0, 1403637422165|0, 1403637422195|0, 1403637422226|0, 1403637422316|0, 1403637422346|0, 1403637422378|0, 1403637422409|1, 1403637422439|0, 1403637422478|0, 1403637422508|0, 1403637422539|0, 1403637422586|0, 1403637422617|0, 1403637422648|0, 1403637422699|0, 1403637422730|1, 1403637422770|0, 1403637422801|0, 1403637422832|0, 1403637422879|0, 1403637422910|1, 1403637422941|1, 1403637422999|0, 1403637423029|0, 1403637423063|1, 1403637423097|0, 1403637423128|0, 1403637423189|0, 1403637423219|0, 1403637423250|0, 1403637423319|18, 1403637423350|0, 1403637423382|0, 1403637423414|1, 1403637423444|0, 1403637423482|0, 1403637423513|0, 1403637423545|1, 1403637423599|0, 1403637423631|0, 1403637423665|0, 1403637423701|1, 1403637423739|7, 1403637423778|0, 1403637423810|1, 1403637423841|0, 1403637423891|0, 1403637423921|0, 1403637423953|0, 1403637423999|0, 1403637424031|1, 1403637424063|0, 1403637424104|1, 1403637424134|0, 1403637424166|1, 1403637424202|0, 1403637424233|0, 1403637424272|0, 1403637424304|0, 1403637424336|1, 1403637424381|0, 1403637424412|0, 1403637424445|0, 1403637424484|0]
publish:subtestevent:[1403637389633|3756, 1403637391452|1075, 1403637393269|1205, 1403637394969|1198, 1403637396760|1158, 1403637398352|1118, 1403637400062|1189, 1403637401998|1297, 1403637403734|1135, 1403637405580|1319, 1403637407333|1123, 1403637409155|1233, 1403637410980|1164, 1403637412833|1240, 1403637414538|1164, 1403637416367|1187, 1403637418200|1230, 1403637419600|985, 1403637421290|1085, 1403637422566|928]
publish:subtestevent:[1403637389633|3756, 1403637391452|1075, 1403637393269|1205, 1403637394969|1198, 1403637396760|1158, 1403637398352|1118, 1403637400062|1189, 1403637401998|1297, 1403637403734|1135, 1403637405580|1319, 1403637407333|1123, 1403637409155|1233, 1403637410980|1164, 1403637412833|1240, 1403637414538|1164, 1403637416367|1187, 1403637418200|1230, 1403637419600|985, 1403637421290|1085, 1403637422566|928]
publish:subtestevent:[1403637389699|3845, 1403637391331|1121, 1403637393108|1196, 1403637394817|1082, 1403637396632|1310, 1403637398558|1274, 1403637400343|1198, 1403637402263|1237, 1403637404159|1264, 1403637406115|1252, 1403637407919|1262, 1403637409767|1194, 1403637411570|1179, 1403637413256|1192, 1403637415098|1275, 1403637416942|1241, 1403637418744|1242, 1403637420491|1161, 1403637422206|1121, 1403637423504|712]
publish:subtestevent:[1403637389742|3872, 1403637391590|1242, 1403637393325|1098, 1403637395169|1190, 1403637396971|1276, 1403637398817|1203, 1403637400394|984, 1403637402274|1268, 1403637404153|1299, 1403637405874|1090, 1403637407548|1200, 1403637409330|1124, 1403637411126|1154, 1403637412986|1251, 1403637414784|1265, 1403637416646|1254, 1403637418404|1163, 1403637420192|1188, 1403637422029|1244, 1403637423441|801]
publish:subtestevent:[1403637389759|3865, 1403637391593|1102, 1403637393264|1131, 1403637394996|1090, 1403637396211|656, 1403637397907|1166, 1403637399659|1180, 1403637401465|1171, 1403637403399|1290, 1403637405223|1218, 1403637407158|1297, 1403637408841|1033, 1403637410492|1139, 1403637412378|1247, 1403637414182|1169, 1403637416009|1204, 1403637417890|1244, 1403637419287|901, 1403637421118|1203, 1403637422891|1114]
publish:subtestevent:[1403637389843|1696, 1403637391665|1119, 1403637393347|1157, 1403637395056|1069, 1403637396849|1255, 1403637398854|1272, 1403637400725|1298, 1403637402545|1187, 1403637404198|1093, 1403637406153|1295, 1403637408091|1249, 1403637410000|1307, 1403637411861|1250, 1403637413744|1209, 1403637415469|1185, 1403637417120|1056, 1403637418873|1191, 1403637420732|1224, 1403637422553|1246, 1403637423528|526]
publish:subtestevent:[1403637389523|3639, 1403637391304|1248, 1403637392953|1082, 1403637394707|1137, 1403637396398|1214, 1403637398251|1355, 1403637400111|1197, 1403637401722|1113, 1403637403411|1120, 1403637405398|1420, 1403637407155|1125, 1403637409013|1282, 1403637410808|1160, 1403637412610|1179, 1403637414523|1225, 1403637416333|1182, 1403637418214|1239, 1403637420103|1227, 1403637422000|1253, 1403637423403|825]
publish:subtestevent:[1403637389766|2189, 1403637391586|1286, 1403637393236|1035, 1403637394930|1223, 1403637396674|1142, 1403637397867|670, 1403637399611|1139, 1403637401355|1162, 1403637403046|1144, 1403637404820|1276, 1403637406822|1313, 1403637408876|1399, 1403637410592|1208, 1403637412234|1048, 1403637413895|1144, 1403637415471|949, 1403637417274|1204, 1403637419071|1156, 1403637420771|1069, 1403637422484|1132]
publish:subtestevent:[1403637389805|2272, 1403637391541|1167, 1403637393131|1020, 1403637394749|1110, 1403637396479|1218, 1403637398395|1179, 1403637400197|1169, 1403637401779|1169, 1403637403615|1222, 1403637405651|1404, 1403637407281|1124, 1403637409319|1331, 1403637411200|1210, 1403637413017|1292, 1403637414778|1159, 1403637416547|1196, 1403637418313|1170, 1403637420215|1241, 1403637421933|1156, 1403637423449|856]
publish:subtestevent:[1403637389724|3694, 1403637391537|1171, 1403637393277|1130, 1403637394915|1155, 1403637396769|1252, 1403637398707|1219, 1403637400426|1129, 1403637402278|1202, 1403637403984|1157, 1403637405870|1262, 1403637407646|1145, 1403637409262|1245, 1403637411026|1126, 1403637412985|1340, 1403637414661|1143, 1403637416433|1258, 1403637418136|1122, 1403637419948|1178, 1403637421744|1190, 1403637423269|929]
publish:subtestevent:[1403637389760|2518, 1403637391758|1269, 1403637393474|1195, 1403637395142|1160, 1403637396898|1147, 1403637398791|1174, 1403637400551|1195, 1403637402355|1183, 1403637404169|1191, 1403637405499|896, 1403637407341|1245, 1403637409216|1187, 1403637411054|1235, 1403637412855|1142, 1403637414629|1180, 1403637416436|1207, 1403637418251|1203, 1403637420106|1247, 1403637421901|1192, 1403637423430|933]
publish:testevent:[1403637385877|484, 1403637390377|744, 1403637392064|611, 1403637393771|502, 1403637395602|633, 1403637397234|474, 1403637398873|521, 1403637400701|639, 1403637402599|601, 1403637404261|527, 1403637406210|630, 1403637407922|589, 1403637409816|661, 1403637411593|613, 1403637413374|541, 1403637415180|642, 1403637416970|603, 1403637418615|414, 1403637420205|605, 1403637421638|323]
publish:testevent:[1403637385877|484, 1403637390377|744, 1403637392064|611, 1403637393771|502, 1403637395602|633, 1403637397234|474, 1403637398873|521, 1403637400701|639, 1403637402599|601, 1403637404261|527, 1403637406210|630, 1403637407922|589, 1403637409816|661, 1403637411593|613, 1403637413374|541, 1403637415180|642, 1403637416970|603, 1403637418615|414, 1403637420205|605, 1403637421638|323]
publish:testevent:[1403637385853|453, 1403637390210|511, 1403637391912|581, 1403637393735|627, 1403637395322|505, 1403637397284|652, 1403637399145|587, 1403637401026|683, 1403637402895|632, 1403637404863|704, 1403637406657|542, 1403637408573|654, 1403637410391|624, 1403637412064|494, 1403637413823|567, 1403637415701|590, 1403637417502|560, 1403637419330|586, 1403637421085|592, 1403637422792|586]
publish:testevent:[1403637385870|461, 1403637390348|606, 1403637392227|637, 1403637393979|654, 1403637395695|526, 1403637397614|643, 1403637399410|593, 1403637401006|612, 1403637402854|579, 1403637404784|631, 1403637406348|474, 1403637408206|658, 1403637409972|642, 1403637411735|609, 1403637413519|533, 1403637415391|607, 1403637417241|595, 1403637419004|600, 1403637420785|593, 1403637422640|611]
publish:testevent:[1403637385894|478, 1403637390491|732, 1403637392133|540, 1403637393906|641, 1403637395555|559, 1403637396741|530, 1403637398479|572, 1403637400294|635, 1403637402109|644, 1403637404005|606, 1403637405861|638, 1403637407808|650, 1403637409353|512, 1403637411131|639, 1403637413013|635, 1403637414805|623, 1403637416643|634, 1403637418386|495, 1403637419915|628, 1403637421777|659]
publish:testevent:[1403637388147|2716, 1403637390546|692, 1403637392190|525, 1403637393987|640, 1403637395594|538, 1403637397582|733, 1403637399427|573, 1403637401358|633, 1403637403105|560, 1403637404858|660, 1403637406842|689, 1403637408693|602, 1403637410611|611, 1403637412535|674, 1403637414284|540, 1403637416064|594, 1403637417682|562, 1403637419508|635, 1403637421307|558, 1403637423002|449]
publish:testevent:[1403637385884|452, 1403637390056|533, 1403637391871|566, 1403637393570|617, 1403637395184|477, 1403637396895|497, 1403637398914|663, 1403637400609|498, 1403637402291|569, 1403637403978|567, 1403637406030|631, 1403637407731|575, 1403637409648|635, 1403637411431|623, 1403637413298|687, 1403637415151|628, 1403637416975|642, 1403637418876|661, 1403637420747|644, 1403637422578|578]
publish:testevent:[1403637387577|2133, 1403637390300|534, 1403637392201|615, 1403637393707|470, 1403637395532|602, 1403637397197|523, 1403637398472|605, 1403637400193|582, 1403637401902|547, 1403637403544|498, 1403637405509|689, 1403637407477|655, 1403637409384|507, 1403637411186|594, 1403637412751|517, 1403637414522|627, 1403637416069|598, 1403637417915|641, 1403637419702|631, 1403637421352|580]
publish:testevent:[1403637387533|2062, 1403637390374|556, 1403637392111|570, 1403637393639|508, 1403637395261|511, 1403637397216|737, 1403637399028|632, 1403637400609|412, 1403637402393|614, 1403637404247|632, 1403637406157|506, 1403637407988|707, 1403637409990|671, 1403637411725|525, 1403637413619|602, 1403637415351|572, 1403637417143|596, 1403637418974|661, 1403637420777|562, 1403637422593|660]
publish:testevent:[1403637386030|556, 1403637390366|642, 1403637392147|610, 1403637393760|483, 1403637395517|602, 1403637397488|719, 1403637399296|589, 1403637401076|650, 1403637402827|549, 1403637404608|624, 1403637406501|631, 1403637408017|371, 1403637409900|638, 1403637411645|619, 1403637413518|533, 1403637415175|514, 1403637417014|561, 1403637418770|634, 1403637420554|606, 1403637422340|596]
publish:testevent:[1403637387242|1744, 1403637390489|729, 1403637392279|520, 1403637393982|507, 1403637395751|608, 1403637397617|719, 1403637399356|565, 1403637401172|621, 1403637402978|623, 1403637404603|434, 1403637406096|597, 1403637408029|687, 1403637409819|603, 1403637411713|658, 1403637413449|594, 1403637415229|600, 1403637417048|595, 1403637418859|608, 1403637420709|603, 1403637422497|596]
handlers:testevent:[1403637385877|2, 1403637390377|1985, 1403637392064|1920, 1403637393771|2000, 1403637395602|1949, 1403637397234|1941, 1403637398873|1995, 1403637400701|1998, 1403637402599|1987, 1403637404261|1864, 1403637406210|1872, 1403637407922|1949, 1403637409816|2000, 1403637411593|1998, 1403637413374|1998, 1403637415180|1928, 1403637416970|1953, 1403637418615|1866, 1403637420205|1908, 1403637421638|1946]
handlers:testevent:[1403637385877|2, 1403637390377|1985, 1403637392064|1920, 1403637393771|2000, 1403637395602|1949, 1403637397234|1941, 1403637398873|1995, 1403637400701|1998, 1403637402599|1987, 1403637404261|1864, 1403637406210|1872, 1403637407922|1949, 1403637409816|2000, 1403637411593|1998, 1403637413374|1998, 1403637415180|1928, 1403637416970|1953, 1403637418615|1866, 1403637420205|1908, 1403637421638|1946]
handlers:testevent:[1403637385854|0, 1403637390210|1998, 1403637391912|1998, 1403637393735|1994, 1403637395322|1996, 1403637397284|1993, 1403637399145|1949, 1403637401026|2000, 1403637402895|2000, 1403637404863|1871, 1403637406657|1999, 1403637408573|2000, 1403637410391|1996, 1403637412064|1950, 1403637413823|1877, 1403637415701|1984, 1403637417502|1969, 1403637419330|1951, 1403637421085|2000, 1403637422792|2000]
handlers:testevent:[1403637385870|2, 1403637390348|1923, 1403637392227|1998, 1403637393979|2000, 1403637395695|1874, 1403637397614|1958, 1403637399410|1970, 1403637401006|2000, 1403637402854|1952, 1403637404784|1946, 1403637406348|1954, 1403637408206|1911, 1403637409972|1962, 1403637411735|2000, 1403637413519|1999, 1403637415392|2000, 1403637417241|2000, 1403637419004|1952, 1403637420785|1999, 1403637422640|1952]
handlers:testevent:[1403637385894|2, 1403637390491|2000, 1403637392133|2000, 1403637393906|1931, 1403637395555|1994, 1403637396741|1999, 1403637398479|1999, 1403637400294|1996, 1403637402109|1992, 1403637404005|1958, 1403637405861|1996, 1403637407808|1952, 1403637409353|1994, 1403637411131|2000, 1403637413013|1997, 1403637414805|1996, 1403637416643|1997, 1403637418386|1947, 1403637419915|1953, 1403637421777|2000]
handlers:testevent:[1403637388147|1970, 1403637390546|1953, 1403637392190|1998, 1403637393987|1950, 1403637395594|1949, 1403637397582|2000, 1403637399427|1999, 1403637401358|1915, 1403637403105|1957, 1403637404858|2000, 1403637406842|1954, 1403637408693|2000, 1403637410611|1999, 1403637412535|1997, 1403637414284|1996, 1403637416064|1873, 1403637417682|1909, 1403637419508|1922, 1403637421307|1931, 1403637423002|1928]
handlers:testevent:[1403637385884|2, 1403637390056|1901, 1403637391871|1950, 1403637393570|2000, 1403637395184|2000, 1403637396895|1973, 1403637398914|2000, 1403637400609|1994, 1403637402291|1998, 1403637403978|1872, 1403637406030|1957, 1403637407731|1998, 1403637409648|1960, 1403637411431|2000, 1403637413298|1947, 1403637415151|1879, 1403637416975|1953, 1403637418876|1859, 1403637420747|1999, 1403637422578|1999]
handlers:testevent:[1403637387577|1985, 1403637390300|1998, 1403637392201|1998, 1403637393707|1941, 1403637395532|1994, 1403637397197|2000, 1403637398472|1999, 1403637400193|1991, 1403637401902|1950, 1403637403544|1993, 1403637405509|1959, 1403637407477|1945, 1403637409384|2000, 1403637411186|1950, 1403637412751|1951, 1403637414522|2000, 1403637416069|1873, 1403637417915|1997, 1403637419702|1947, 1403637421352|1991]
handlers:testevent:[1403637387533|1938, 1403637390374|1985, 1403637392111|2000, 1403637393639|1999, 1403637395261|2000, 1403637397216|1856, 1403637399028|2000, 1403637400609|1994, 1403637402393|1950, 1403637404247|1997, 1403637406157|1991, 1403637407988|2000, 1403637409990|1998, 1403637411725|2000, 1403637413619|1929, 1403637415351|2000, 1403637417143|1999, 1403637418974|2000, 1403637420777|1999, 1403637422593|2000]
handlers:testevent:[1403637386030|416, 1403637390366|1923, 1403637392147|1945, 1403637393760|2000, 1403637395517|1950, 1403637397488|1998, 1403637399296|1997, 1403637401076|1918, 1403637402827|2000, 1403637404608|1999, 1403637406501|2000, 1403637408017|1953, 1403637409900|1997, 1403637411645|1920, 1403637413518|1999, 1403637415175|1879, 1403637417014|2000, 1403637418770|1997, 1403637420554|1994, 1403637422340|1917]
handlers:testevent:[1403637387242|1998, 1403637390489|2000, 1403637392279|1954, 1403637393982|1950, 1403637395751|1978, 1403637397617|1958, 1403637399356|1890, 1403637401172|1956, 1403637402978|1955, 1403637404603|1999, 1403637406096|1998, 1403637408029|1996, 1403637409819|2000, 1403637411713|2000, 1403637413449|1974, 1403637415229|1997, 1403637417048|2000, 1403637418859|2000, 1403637420709|1962, 1403637422497|1886]
unsubscribe:[1403637385992|41, 1403637386129|3, 1403637386232|2, 1403637386336|3, 1403637386439|3, 1403637386546|7, 1403637386649|2, 1403637386752|3, 1403637386855|3, 1403637386958|3, 1403637387061|3, 1403637387164|3, 1403637387267|3, 1403637387370|2, 1403637387474|2, 1403637387577|2, 1403637387679|2, 1403637387781|1, 1403637387884|2, 1403637387986|2, 1403637388088|1, 1403637388191|2, 1403637388293|1, 1403637388396|2, 1403637388497|1, 1403637388599|1, 1403637388705|1, 1403637388807|1, 1403637388909|1, 1403637389010|1, 1403637389112|1, 1403637389213|1, 1403637389314|1, 1403637389415|0, 1403637389516|1, 1403637389616|0, 1403637389717|1, 1403637389818|0, 1403637389919|0, 1403637390020|1, 1403637390120|0, 1403637390221|1, 1403637390321|0, 1403637390423|1, 1403637390523|0, 1403637390624|1, 1403637390724|0, 1403637390825|1, 1403637390925|0, 1403637391026|0, 1403637391126|0, 1403637391230|0, 1403637391330|0, 1403637391431|0, 1403637391531|0, 1403637391632|0, 1403637391732|0, 1403637391836|1, 1403637391936|0, 1403637392036|0, 1403637392137|0, 1403637392237|0, 1403637392338|0, 1403637392438|0, 1403637392539|1, 1403637392673|0, 1403637392773|0, 1403637392874|0, 1403637392974|0, 1403637393075|1, 1403637393175|0, 1403637393275|0, 1403637393377|0, 1403637393477|0, 1403637393579|0, 1403637393680|1, 1403637393780|0, 1403637393880|0, 1403637393981|0, 1403637394081|0, 1403637394182|1, 1403637394282|0, 1403637394382|0, 1403637394483|1, 1403637394583|0, 1403637394684|1, 1403637394784|0, 1403637394887|3, 1403637394987|0, 1403637395087|0, 1403637395188|0, 1403637395288|0, 1403637395389|0, 1403637395489|0, 1403637395590|1, 1403637395690|0, 1403637395790|0, 1403637395891|0, 1403637395991|0, 1403637396092|0, 1403637396192|0, 1403637396292|0, 1403637396393|0, 1403637396493|0, 1403637396594|0, 1403637396694|0, 1403637396794|0, 1403637396895|0, 1403637397000|5, 1403637397100|0, 1403637397200|0, 1403637397301|0, 1403637397403|0, 1403637397503|0, 1403637397603|0, 1403637397704|0, 1403637397804|0, 1403637397905|1, 1403637398005|0, 1403637398106|0, 1403637398206|0, 1403637398307|0, 1403637398407|0, 1403637398508|0, 1403637398608|0, 1403637398708|0, 1403637398820|1, 1403637398933|0, 1403637399034|1, 1403637399134|0, 1403637399234|0, 1403637399335|0, 1403637399435|0, 1403637399536|1, 1403637399636|0, 1403637399736|0, 1403637399837|0, 1403637399937|0, 1403637400038|1, 1403637400138|0, 1403637400238|0, 1403637400339|1, 1403637400439|0, 1403637400539|0, 1403637400640|0, 1403637400740|0, 1403637400841|0, 1403637400941|0, 1403637401042|0, 1403637401143|0, 1403637401243|0, 1403637401344|1, 1403637401444|0, 1403637401544|0, 1403637401645|0, 1403637401745|0, 1403637401845|0, 1403637401946|0, 1403637402046|0, 1403637402147|1, 1403637402247|0, 1403637402348|1, 1403637402448|0, 1403637402548|0, 1403637402649|1, 1403637402752|0, 1403637402852|0, 1403637402952|0, 1403637403053|0, 1403637403153|0, 1403637403254|0, 1403637403354|0, 1403637403454|0, 1403637403555|1, 1403637403655|0, 1403637403756|0, 1403637403856|0, 1403637403956|0, 1403637404057|0, 1403637404157|0, 1403637404258|0, 1403637404359|0, 1403637404459|0, 1403637404559|0, 1403637404660|0, 1403637404760|0, 1403637404861|1, 1403637405000|1, 1403637405100|0, 1403637405201|0, 1403637405302|0, 1403637405402|0, 1403637405502|0, 1403637405603|0, 1403637405703|0, 1403637405804|1, 1403637405904|0, 1403637406004|0, 1403637406105|0, 1403637406205|0, 1403637406306|1, 1403637406406|0, 1403637406506|0, 1403637406607|0, 1403637406707|0, 1403637406807|0, 1403637406908|0, 1403637407048|0, 1403637407148|0, 1403637407248|0, 1403637407349|0, 1403637407449|0, 1403637407593|0, 1403637407694|0, 1403637407794|0, 1403637407895|1, 1403637407996|1, 1403637408096|0, 1403637408196|0, 1403637408297|0, 1403637408397|0, 1403637408497|0, 1403637408598|0, 1403637408698|0, 1403637408800|0, 1403637408900|0, 1403637409000|0, 1403637409101|0, 1403637409201|0, 1403637409302|1, 1403637409403|0, 1403637409526|0, 1403637409626|0, 1403637409727|0, 1403637409827|0, 1403637409928|0, 1403637410028|0, 1403637410129|1, 1403637410229|0, 1403637410329|0, 1403637410430|0, 1403637410530|0, 1403637410631|1, 1403637410731|0, 1403637410831|0, 1403637410932|0, 1403637411032|0, 1403637411133|1, 1403637411233|0, 1403637411333|0, 1403637411434|0, 1403637411534|0, 1403637411635|1, 1403637411735|0, 1403637411835|0, 1403637411936|1, 1403637412036|0, 1403637412136|0, 1403637412237|0, 1403637412337|0, 1403637412438|1, 1403637412538|0, 1403637412638|0, 1403637412739|0, 1403637412839|0, 1403637412939|0, 1403637413040|0, 1403637413140|0, 1403637413274|0, 1403637413375|1, 1403637413475|0, 1403637413575|0, 1403637413714|1, 1403637413814|0, 1403637413914|0, 1403637414015|0, 1403637414115|0, 1403637414216|0, 1403637414316|0, 1403637414417|1, 1403637414547|0, 1403637414647|0, 1403637414748|0, 1403637414849|0, 1403637414950|1, 1403637415050|0, 1403637415150|0, 1403637415251|0, 1403637415351|0, 1403637415452|0, 1403637415552|0, 1403637415653|0, 1403637415753|0, 1403637415854|0, 1403637415954|0, 1403637416056|0, 1403637416156|0, 1403637416257|0, 1403637416357|0, 1403637416458|1, 1403637416558|0, 1403637416658|0, 1403637416759|0, 1403637416859|0, 1403637416962|0, 1403637417062|0, 1403637417163|0, 1403637417263|0, 1403637417363|0, 1403637417464|0, 1403637417564|0, 1403637417665|1, 1403637417765|0, 1403637417865|0, 1403637417966|1, 1403637418066|0, 1403637418166|0, 1403637418267|0, 1403637418367|0, 1403637418468|1, 1403637418574|0, 1403637418674|0, 1403637418775|0, 1403637418875|0, 1403637418976|1, 1403637419076|0, 1403637419176|0, 1403637419280|0, 1403637419380|0, 1403637419480|0, 1403637419581|0, 1403637419681|0, 1403637419782|1, 1403637419885|0, 1403637419985|0, 1403637420086|1, 1403637420186|0, 1403637420286|0, 1403637420387|0, 1403637420487|0, 1403637420588|1, 1403637420688|0, 1403637420788|0, 1403637420889|0, 1403637420989|0, 1403637421089|0, 1403637421190|0, 1403637421290|0, 1403637421391|0, 1403637421491|0, 1403637421591|0, 1403637421692|0, 1403637421792|0, 1403637421892|0, 1403637421993|0, 1403637422093|0, 1403637422194|0, 1403637422294|0, 1403637422394|0, 1403637422495|0, 1403637422595|0, 1403637422696|1, 1403637422796|0, 1403637422896|0, 1403637422997|0, 1403637423097|0, 1403637423197|0, 1403637423298|0, 1403637423398|0, 1403637423499|0, 1403637423599|0, 1403637423700|0, 1403637423801|1, 1403637423901|0, 1403637424001|0, 1403637424102|0, 1403637424202|0, 1403637424303|0, 1403637424404|0]
unsubscribe:[1403637385992|41, 1403637386129|3, 1403637386232|2, 1403637386336|3, 1403637386439|3, 1403637386546|7, 1403637386649|2, 1403637386752|3, 1403637386855|3, 1403637386958|3, 1403637387061|3, 1403637387164|3, 1403637387267|3, 1403637387370|2, 1403637387474|2, 1403637387577|2, 1403637387679|2, 1403637387781|1, 1403637387884|2, 1403637387986|2, 1403637388088|1, 1403637388191|2, 1403637388293|1, 1403637388396|2, 1403637388497|1, 1403637388599|1, 1403637388705|1, 1403637388807|1, 1403637388909|1, 1403637389010|1, 1403637389112|1, 1403637389213|1, 1403637389314|1, 1403637389415|0, 1403637389516|1, 1403637389616|0, 1403637389717|1, 1403637389818|0, 1403637389919|0, 1403637390020|1, 1403637390120|0, 1403637390221|1, 1403637390321|0, 1403637390423|1, 1403637390523|0, 1403637390624|1, 1403637390724|0, 1403637390825|1, 1403637390925|0, 1403637391026|0, 1403637391126|0, 1403637391230|0, 1403637391330|0, 1403637391431|0, 1403637391531|0, 1403637391632|0, 1403637391732|0, 1403637391836|1, 1403637391936|0, 1403637392036|0, 1403637392137|0, 1403637392237|0, 1403637392338|0, 1403637392438|0, 1403637392539|1, 1403637392673|0, 1403637392773|0, 1403637392874|0, 1403637392974|0, 1403637393075|1, 1403637393175|0, 1403637393275|0, 1403637393377|0, 1403637393477|0, 1403637393579|0, 1403637393680|1, 1403637393780|0, 1403637393880|0, 1403637393981|0, 1403637394081|0, 1403637394182|1, 1403637394282|0, 1403637394382|0, 1403637394483|1, 1403637394583|0, 1403637394684|1, 1403637394784|0, 1403637394887|3, 1403637394987|0, 1403637395087|0, 1403637395188|0, 1403637395288|0, 1403637395389|0, 1403637395489|0, 1403637395590|1, 1403637395690|0, 1403637395790|0, 1403637395891|0, 1403637395991|0, 1403637396092|0, 1403637396192|0, 1403637396292|0, 1403637396393|0, 1403637396493|0, 1403637396594|0, 1403637396694|0, 1403637396794|0, 1403637396895|0, 1403637397000|5, 1403637397100|0, 1403637397200|0, 1403637397301|0, 1403637397403|0, 1403637397503|0, 1403637397603|0, 1403637397704|0, 1403637397804|0, 1403637397905|1, 1403637398005|0, 1403637398106|0, 1403637398206|0, 1403637398307|0, 1403637398407|0, 1403637398508|0, 1403637398608|0, 1403637398708|0, 1403637398820|1, 1403637398933|0, 1403637399034|1, 1403637399134|0, 1403637399234|0, 1403637399335|0, 1403637399435|0, 1403637399536|1, 1403637399636|0, 1403637399736|0, 1403637399837|0, 1403637399937|0, 1403637400038|1, 1403637400138|0, 1403637400238|0, 1403637400339|1, 1403637400439|0, 1403637400539|0, 1403637400640|0, 1403637400740|0, 1403637400841|0, 1403637400941|0, 1403637401042|0, 1403637401143|0, 1403637401243|0, 1403637401344|1, 1403637401444|0, 1403637401544|0, 1403637401645|0, 1403637401745|0, 1403637401845|0, 1403637401946|0, 1403637402046|0, 1403637402147|1, 1403637402247|0, 1403637402348|1, 1403637402448|0, 1403637402548|0, 1403637402649|1, 1403637402752|0, 1403637402852|0, 1403637402952|0, 1403637403053|0, 1403637403153|0, 1403637403254|0, 1403637403354|0, 1403637403454|0, 1403637403555|1, 1403637403655|0, 1403637403756|0, 1403637403856|0, 1403637403956|0, 1403637404057|0, 1403637404157|0, 1403637404258|0, 1403637404359|0, 1403637404459|0, 1403637404559|0, 1403637404660|0, 1403637404760|0, 1403637404861|1, 1403637405000|1, 1403637405100|0, 1403637405201|0, 1403637405302|0, 1403637405402|0, 1403637405502|0, 1403637405603|0, 1403637405703|0, 1403637405804|1, 1403637405904|0, 1403637406004|0, 1403637406105|0, 1403637406205|0, 1403637406306|1, 1403637406406|0, 1403637406506|0, 1403637406607|0, 1403637406707|0, 1403637406807|0, 1403637406908|0, 1403637407048|0, 1403637407148|0, 1403637407248|0, 1403637407349|0, 1403637407449|0, 1403637407593|0, 1403637407694|0, 1403637407794|0, 1403637407895|1, 1403637407996|1, 1403637408096|0, 1403637408196|0, 1403637408297|0, 1403637408397|0, 1403637408497|0, 1403637408598|0, 1403637408698|0, 1403637408800|0, 1403637408900|0, 1403637409000|0, 1403637409101|0, 1403637409201|0, 1403637409302|1, 1403637409403|0, 1403637409526|0, 1403637409626|0, 1403637409727|0, 1403637409827|0, 1403637409928|0, 1403637410028|0, 1403637410129|1, 1403637410229|0, 1403637410329|0, 1403637410430|0, 1403637410530|0, 1403637410631|1, 1403637410731|0, 1403637410831|0, 1403637410932|0, 1403637411032|0, 1403637411133|1, 1403637411233|0, 1403637411333|0, 1403637411434|0, 1403637411534|0, 1403637411635|1, 1403637411735|0, 1403637411835|0, 1403637411936|1, 1403637412036|0, 1403637412136|0, 1403637412237|0, 1403637412337|0, 1403637412438|1, 1403637412538|0, 1403637412638|0, 1403637412739|0, 1403637412839|0, 1403637412939|0, 1403637413040|0, 1403637413140|0, 1403637413274|0, 1403637413375|1, 1403637413475|0, 1403637413575|0, 1403637413714|1, 1403637413814|0, 1403637413914|0, 1403637414015|0, 1403637414115|0, 1403637414216|0, 1403637414316|0, 1403637414417|1, 1403637414547|0, 1403637414647|0, 1403637414748|0, 1403637414849|0, 1403637414950|1, 1403637415050|0, 1403637415150|0, 1403637415251|0, 1403637415351|0, 1403637415452|0, 1403637415552|0, 1403637415653|0, 1403637415753|0, 1403637415854|0, 1403637415954|0, 1403637416056|0, 1403637416156|0, 1403637416257|0, 1403637416357|0, 1403637416458|1, 1403637416558|0, 1403637416658|0, 1403637416759|0, 1403637416859|0, 1403637416962|0, 1403637417062|0, 1403637417163|0, 1403637417263|0, 1403637417363|0, 1403637417464|0, 1403637417564|0, 1403637417665|1, 1403637417765|0, 1403637417865|0, 1403637417966|1, 1403637418066|0, 1403637418166|0, 1403637418267|0, 1403637418367|0, 1403637418468|1, 1403637418574|0, 1403637418674|0, 1403637418775|0, 1403637418875|0, 1403637418976|1, 1403637419076|0, 1403637419176|0, 1403637419280|0, 1403637419380|0, 1403637419480|0, 1403637419581|0, 1403637419681|0, 1403637419782|1, 1403637419885|0, 1403637419985|0, 1403637420086|1, 1403637420186|0, 1403637420286|0, 1403637420387|0, 1403637420487|0, 1403637420588|1, 1403637420688|0, 1403637420788|0, 1403637420889|0, 1403637420989|0, 1403637421089|0, 1403637421190|0, 1403637421290|0, 1403637421391|0, 1403637421491|0, 1403637421591|0, 1403637421692|0, 1403637421792|0, 1403637421892|0, 1403637421993|0, 1403637422093|0, 1403637422194|0, 1403637422294|0, 1403637422394|0, 1403637422495|0, 1403637422595|0, 1403637422696|1, 1403637422796|0, 1403637422896|0, 1403637422997|0, 1403637423097|0, 1403637423197|0, 1403637423298|0, 1403637423398|0, 1403637423499|0, 1403637423599|0, 1403637423700|0, 1403637423801|1, 1403637423901|0, 1403637424001|0, 1403637424102|0, 1403637424202|0, 1403637424303|0, 1403637424404|0]
