###### EXPERIMENT ##########
Experiment Read Write High Concurrency with 4 workloads
	Initializer(8002ms)->Parallel tasks:1,start immediately,run 1 times
	Publisher(19223ms)->Parallel tasks:30,start after workload Initializer,run 10 times
	Subscriber(19223ms)->Parallel tasks:3,start after workload Initializer,run until Publisher ends
	Unsubscriber(19223ms)->Parallel tasks:3,start after workload Initializer,run until Publisher ends

and additional parameters:
	Base path:/ext/dev/workspace/eventbus-performance/results
	Report base dir:/ext/dev/workspace/eventbus-performance/results/Read Write High Concurrency/1475854033394/
	Delay after unsubscribing a single batch of listeners:120
	Batch size per publisher:1000
	Number of publisher threads:30
	Delay after subscribing a single batch of listeners:30
	Number of Unsubscriber threads:3
	Listener factory:ListenerFactory{1000 instances of SubTestEventListener | 1000 instances of AllEventsListener | 1000 instances of TestEventListener | }
	Number of batches to process with each publisher:10
	Eventbus:Mbassador
	Number of Subscriber threads:3


##### COLLECTORS ########
unsubscribe:[1475854010435|18, 1475854010558|0, 1475854010678|0, 1475854010799|1, 1475854010919|0, 1475854011120|0, 1475854011243|0, 1475854011364|0, 1475854011484|0, 1475854011757|153, 1475854011877|0, 1475854011998|0, 1475854012118|0, 1475854012239|0, 1475854012359|0, 1475854012479|0, 1475854012600|0, 1475854012721|0, 1475854012841|0, 1475854012961|0, 1475854013086|0, 1475854013206|0, 1475854013327|1, 1475854013447|0, 1475854013567|0, 1475854013687|0, 1475854013813|0, 1475854013934|0, 1475854014055|0, 1475854014175|0, 1475854014328|33, 1475854014448|0, 1475854014568|0, 1475854014689|1, 1475854014809|0, 1475854014929|0, 1475854015049|0, 1475854015170|1, 1475854015290|0, 1475854015410|0, 1475854015530|0, 1475854015651|1, 1475854015771|0, 1475854015892|0, 1475854016012|0, 1475854016139|0, 1475854016259|0, 1475854016379|0, 1475854016500|1, 1475854016620|0, 1475854016796|0, 1475854016917|0, 1475854017037|0, 1475854017163|0, 1475854017351|0, 1475854017479|0, 1475854017603|0, 1475854017724|0, 1475854017844|0, 1475854017967|0, 1475854018087|0, 1475854018207|0, 1475854018328|0, 1475854018448|0, 1475854018568|0, 1475854018688|0, 1475854018809|0, 1475854019029|0, 1475854019239|0, 1475854019359|0, 1475854019480|0, 1475854019600|0, 1475854019721|0, 1475854019841|0, 1475854019961|0, 1475854020082|1, 1475854020202|0, 1475854020322|0, 1475854020443|1, 1475854020600|37, 1475854020721|0, 1475854020841|0, 1475854020961|0, 1475854021082|1, 1475854021202|0, 1475854021322|0, 1475854021442|0, 1475854021562|0, 1475854021683|0, 1475854021803|0, 1475854021923|0, 1475854022043|0, 1475854022164|1, 1475854022284|0, 1475854022404|0, 1475854022524|0, 1475854022644|0, 1475854022765|0, 1475854022885|0, 1475854023005|0, 1475854023125|0, 1475854023245|0, 1475854023366|0, 1475854023486|0, 1475854023606|0, 1475854023726|0, 1475854023847|1, 1475854023967|0, 1475854024087|0, 1475854024211|0, 1475854024331|0, 1475854024451|0, 1475854024572|1, 1475854024692|0, 1475854024812|0, 1475854024932|0, 1475854025055|0, 1475854025175|0, 1475854025295|0, 1475854025415|0, 1475854025536|0, 1475854025656|0, 1475854025776|0, 1475854025896|0, 1475854026017|1, 1475854026137|0, 1475854026257|0, 1475854026377|0, 1475854026498|1, 1475854026618|0, 1475854026738|0, 1475854026858|0, 1475854026978|0, 1475854027099|0, 1475854027219|0, 1475854027339|0, 1475854027459|0, 1475854027580|1, 1475854027700|0, 1475854027820|0, 1475854027940|0, 1475854028060|0, 1475854028181|0, 1475854028301|0, 1475854028436|0, 1475854028559|1, 1475854028679|0, 1475854028799|0, 1475854028921|0, 1475854029041|0, 1475854029161|0, 1475854029281|0, 1475854029402|0, 1475854029522|0]
unsubscribe:[1475854010435|18, 1475854010558|0, 1475854010678|0, 1475854010799|1, 1475854010919|0, 1475854011120|0, 1475854011243|0, 1475854011364|0, 1475854011484|0, 1475854011757|153, 1475854011877|0, 1475854011998|0, 1475854012118|0, 1475854012239|0, 1475854012359|0, 1475854012479|0, 1475854012600|0, 1475854012721|0, 1475854012841|0, 1475854012961|0, 1475854013086|0, 1475854013206|0, 1475854013327|1, 1475854013447|0, 1475854013567|0, 1475854013687|0, 1475854013813|0, 1475854013934|0, 1475854014055|0, 1475854014175|0, 1475854014328|33, 1475854014448|0, 1475854014568|0, 1475854014689|1, 1475854014809|0, 1475854014929|0, 1475854015049|0, 1475854015170|1, 1475854015290|0, 1475854015410|0, 1475854015530|0, 1475854015651|1, 1475854015771|0, 1475854015892|0, 1475854016012|0, 1475854016139|0, 1475854016259|0, 1475854016379|0, 1475854016500|1, 1475854016620|0, 1475854016796|0, 1475854016917|0, 1475854017037|0, 1475854017163|0, 1475854017351|0, 1475854017479|0, 1475854017603|0, 1475854017724|0, 1475854017844|0, 1475854017967|0, 1475854018087|0, 1475854018207|0, 1475854018328|0, 1475854018448|0, 1475854018568|0, 1475854018688|0, 1475854018809|0, 1475854019029|0, 1475854019239|0, 1475854019359|0, 1475854019480|0, 1475854019600|0, 1475854019721|0, 1475854019841|0, 1475854019961|0, 1475854020082|1, 1475854020202|0, 1475854020322|0, 1475854020443|1, 1475854020600|37, 1475854020721|0, 1475854020841|0, 1475854020961|0, 1475854021082|1, 1475854021202|0, 1475854021322|0, 1475854021442|0, 1475854021562|0, 1475854021683|0, 1475854021803|0, 1475854021923|0, 1475854022043|0, 1475854022164|1, 1475854022284|0, 1475854022404|0, 1475854022524|0, 1475854022644|0, 1475854022765|0, 1475854022885|0, 1475854023005|0, 1475854023125|0, 1475854023245|0, 1475854023366|0, 1475854023486|0, 1475854023606|0, 1475854023726|0, 1475854023847|1, 1475854023967|0, 1475854024087|0, 1475854024211|0, 1475854024331|0, 1475854024451|0, 1475854024572|1, 1475854024692|0, 1475854024812|0, 1475854024932|0, 1475854025055|0, 1475854025175|0, 1475854025295|0, 1475854025415|0, 1475854025536|0, 1475854025656|0, 1475854025776|0, 1475854025896|0, 1475854026017|1, 1475854026137|0, 1475854026257|0, 1475854026377|0, 1475854026498|1, 1475854026618|0, 1475854026738|0, 1475854026858|0, 1475854026978|0, 1475854027099|0, 1475854027219|0, 1475854027339|0, 1475854027459|0, 1475854027580|1, 1475854027700|0, 1475854027820|0, 1475854027940|0, 1475854028060|0, 1475854028181|0, 1475854028301|0, 1475854028436|0, 1475854028559|1, 1475854028679|0, 1475854028799|0, 1475854028921|0, 1475854029041|0, 1475854029161|0, 1475854029281|0, 1475854029402|0, 1475854029522|0]
unsubscribe:[1475854010435|16, 1475854010558|0, 1475854010678|0, 1475854010799|0, 1475854010919|0, 1475854011119|0, 1475854011243|0, 1475854011363|0, 1475854011484|0, 1475854011719|115, 1475854011843|0, 1475854011965|0, 1475854012085|0, 1475854012211|0, 1475854012331|0, 1475854012452|0, 1475854012574|1, 1475854012694|0, 1475854012814|0, 1475854012934|0, 1475854013055|0, 1475854013175|0, 1475854013295|0, 1475854013416|1, 1475854013536|0, 1475854013656|0, 1475854013777|0, 1475854013897|0, 1475854014017|0, 1475854014138|0, 1475854014258|0, 1475854014379|1, 1475854014499|0, 1475854014619|0, 1475854014739|0, 1475854014860|1, 1475854014980|0, 1475854015100|0, 1475854015220|0, 1475854015341|1, 1475854015461|0, 1475854015582|1, 1475854015702|0, 1475854015830|1, 1475854015950|0, 1475854016175|0, 1475854016295|0, 1475854016415|0, 1475854016543|0, 1475854016663|0, 1475854016783|0, 1475854016904|1, 1475854017024|0, 1475854017144|0, 1475854017351|0, 1475854017479|0, 1475854017603|0, 1475854017724|1, 1475854017844|0, 1475854017967|0, 1475854018087|0, 1475854018207|0, 1475854018328|1, 1475854018448|0, 1475854018568|0, 1475854018688|0, 1475854018808|0, 1475854019029|0, 1475854019239|0, 1475854019359|0, 1475854019480|0, 1475854019601|1, 1475854019721|0, 1475854019841|0, 1475854019961|0, 1475854020082|0, 1475854020202|0, 1475854020322|0, 1475854020442|0, 1475854020600|37, 1475854020727|0, 1475854020847|0, 1475854020967|0, 1475854021088|1, 1475854021208|0, 1475854021328|0, 1475854021448|0, 1475854021568|0, 1475854021689|0, 1475854021809|0, 1475854021929|0, 1475854022049|0, 1475854022175|0, 1475854022295|0, 1475854022477|16, 1475854022597|0, 1475854022717|0, 1475854022838|1, 1475854022958|0, 1475854023079|0, 1475854023199|0, 1475854023319|0, 1475854023440|0, 1475854023563|0, 1475854023683|0, 1475854023811|0, 1475854023931|0, 1475854024051|0, 1475854024171|0, 1475854024292|0, 1475854024412|0, 1475854024532|0, 1475854024659|0, 1475854024779|0, 1475854024899|0, 1475854025107|4, 1475854025227|0, 1475854025347|0, 1475854025468|0, 1475854025588|0, 1475854025708|0, 1475854025828|0, 1475854025955|0, 1475854026075|0, 1475854026195|0, 1475854026365|0, 1475854026486|0, 1475854026607|0, 1475854026727|0, 1475854026951|0, 1475854027071|0, 1475854027191|0, 1475854027311|0, 1475854027432|0, 1475854027552|0, 1475854027675|0, 1475854027795|0, 1475854027915|0, 1475854028035|0, 1475854028156|0, 1475854028276|0, 1475854028396|0, 1475854028516|0, 1475854028636|0, 1475854028757|0, 1475854028877|0, 1475854028997|0, 1475854029117|0, 1475854029265|0, 1475854029385|0, 1475854029507|1]
unsubscribe:[1475854010433|9, 1475854010558|1, 1475854010678|0, 1475854010798|0, 1475854010919|1, 1475854011120|0, 1475854011244|1, 1475854011364|0, 1475854011484|0, 1475854011803|199, 1475854011923|0, 1475854012044|1, 1475854012164|0, 1475854012291|0, 1475854012411|0, 1475854012532|0, 1475854012652|0, 1475854012772|0, 1475854012893|1, 1475854013013|0, 1475854013133|0, 1475854013253|0, 1475854013373|0, 1475854013494|0, 1475854013614|0, 1475854013737|0, 1475854013857|0, 1475854013977|0, 1475854014098|0, 1475854014218|0, 1475854014338|0, 1475854014458|0, 1475854014579|1, 1475854014699|0, 1475854014819|0, 1475854014940|1, 1475854015060|0, 1475854015183|0, 1475854015311|0, 1475854015431|0, 1475854015551|0, 1475854015671|0, 1475854015792|0, 1475854015912|0, 1475854016033|0, 1475854016153|0, 1475854016273|0, 1475854016393|0, 1475854016514|0, 1475854016634|0, 1475854016754|0, 1475854016874|0, 1475854016995|0, 1475854017115|0, 1475854017236|0, 1475854017356|0, 1475854017479|0, 1475854017603|0, 1475854017724|0, 1475854017844|0, 1475854017967|0, 1475854018087|0, 1475854018208|1, 1475854018328|0, 1475854018448|0, 1475854018568|0, 1475854018689|0, 1475854018809|0, 1475854018971|0, 1475854019091|0, 1475854019219|0, 1475854019339|0, 1475854019459|0, 1475854019580|1, 1475854019700|0, 1475854019820|0, 1475854020039|0, 1475854020159|0, 1475854020279|0, 1475854020400|1, 1475854020523|0, 1475854020643|0, 1475854020764|0, 1475854020884|0, 1475854021006|1, 1475854021126|0, 1475854021246|0, 1475854021366|0, 1475854021486|0, 1475854021607|0, 1475854021727|0, 1475854021847|0, 1475854021967|0, 1475854022088|0, 1475854022208|0, 1475854022328|0, 1475854022477|29, 1475854022597|0, 1475854022717|0, 1475854022839|1, 1475854022959|0, 1475854023079|0, 1475854023199|0, 1475854023319|0, 1475854023440|0, 1475854023563|0, 1475854023683|0, 1475854023811|0, 1475854023931|0, 1475854024051|0, 1475854024172|0, 1475854024292|0, 1475854024412|0, 1475854024532|0, 1475854024659|0, 1475854024779|0, 1475854024899|0, 1475854025103|0, 1475854025226|0, 1475854025346|0, 1475854025466|0, 1475854025586|0, 1475854025707|1, 1475854025827|0, 1475854025955|0, 1475854026075|0, 1475854026195|0, 1475854026406|0, 1475854026527|0, 1475854026647|0, 1475854026767|0, 1475854026895|0, 1475854027015|0, 1475854027135|0, 1475854027256|1, 1475854027376|0, 1475854027496|0, 1475854027617|0, 1475854027738|0, 1475854027858|0, 1475854027979|0, 1475854028099|0, 1475854028223|0, 1475854028343|0, 1475854028463|0, 1475854028583|0, 1475854028705|0, 1475854028825|0, 1475854028945|0, 1475854029065|0, 1475854029185|0, 1475854029306|0, 1475854029426|0, 1475854029546|0]
subscribe:[1475854010432|35, 1475854010463|1, 1475854010493|0, 1475854010523|0, 1475854010553|0, 1475854010584|0, 1475854010633|0, 1475854010679|1, 1475854010831|0, 1475854010976|0, 1475854011151|0, 1475854011252|0, 1475854011287|0, 1475854011318|1, 1475854011348|0, 1475854011378|0, 1475854011409|1, 1475854011489|0, 1475854011519|0, 1475854011803|199, 1475854011840|0, 1475854011878|0, 1475854011987|0, 1475854012017|0, 1475854012047|0, 1475854012078|0, 1475854012108|0, 1475854012143|0, 1475854012175|0, 1475854012211|0, 1475854012247|0, 1475854012303|0, 1475854012333|0, 1475854012364|1, 1475854012412|0, 1475854012467|0, 1475854012502|0, 1475854012533|0, 1475854012564|0, 1475854012594|0, 1475854012626|0, 1475854012656|0, 1475854012694|0, 1475854012724|0, 1475854012774|1, 1475854012815|0, 1475854012846|1, 1475854012916|0, 1475854012947|1, 1475854012979|0, 1475854013013|0, 1475854013046|0, 1475854013078|0, 1475854013138|1, 1475854013195|2, 1475854013259|0, 1475854013290|1, 1475854013320|0, 1475854013350|0, 1475854013381|0, 1475854013416|0, 1475854013447|0, 1475854013536|0, 1475854013567|0, 1475854013617|0, 1475854013687|0, 1475854013761|3, 1475854013921|0, 1475854013953|0, 1475854013991|0, 1475854014021|0, 1475854014055|0, 1475854014086|0, 1475854014116|0, 1475854014146|0, 1475854014177|0, 1475854014211|0, 1475854014242|0, 1475854014272|0, 1475854014328|0, 1475854014358|0, 1475854014390|0, 1475854014482|0, 1475854014512|0, 1475854014581|0, 1475854014623|0, 1475854014731|36, 1475854014763|0, 1475854014817|0, 1475854014879|0, 1475854014929|0, 1475854014963|0, 1475854014995|0, 1475854015040|0, 1475854015071|0, 1475854015101|0, 1475854015170|0, 1475854015200|0, 1475854015230|0, 1475854015355|0, 1475854015385|0, 1475854015415|0, 1475854015451|0, 1475854015481|0, 1475854015535|0, 1475854015565|0, 1475854015695|0, 1475854015728|0, 1475854015892|0, 1475854016012|0, 1475854016042|0, 1475854016139|0, 1475854016171|0, 1475854016201|0, 1475854016234|0, 1475854016265|0, 1475854016295|0, 1475854016407|0, 1475854016440|0, 1475854016524|0, 1475854016555|1, 1475854016811|0, 1475854016856|0, 1475854016886|0, 1475854016935|0, 1475854016995|0, 1475854017065|0, 1475854017121|0, 1475854017351|0, 1475854017382|0, 1475854017479|0, 1475854017509|0, 1475854017540|0, 1475854017650|0, 1475854017681|0, 1475854017768|0, 1475854017847|0, 1475854017877|0, 1475854018051|0, 1475854018082|0, 1475854018279|65, 1475854018403|0, 1475854018448|0, 1475854018493|0, 1475854018568|0, 1475854018688|0, 1475854018719|0, 1475854018812|0, 1475854018847|0, 1475854018878|1, 1475854019029|50, 1475854019063|0, 1475854019093|0, 1475854019218|0, 1475854019248|0, 1475854019306|0, 1475854019339|0, 1475854019369|0, 1475854019404|0, 1475854019491|0, 1475854019584|0, 1475854019614|0, 1475854019645|0, 1475854019719|0, 1475854019750|0, 1475854019843|0, 1475854019873|0, 1475854019961|0, 1475854020015|0, 1475854020045|0, 1475854020082|1, 1475854020112|0, 1475854020142|0, 1475854020173|0, 1475854020219|12, 1475854020249|0, 1475854020279|0, 1475854020312|0, 1475854020342|0, 1475854020600|37, 1475854020631|0, 1475854020747|0, 1475854020777|0, 1475854020879|0, 1475854020912|0, 1475854020983|0, 1475854021017|0, 1475854021083|0, 1475854021113|0, 1475854021144|1, 1475854021212|0, 1475854021243|0, 1475854021332|0, 1475854021363|0, 1475854021397|0, 1475854021442|0, 1475854021473|1, 1475854021503|0, 1475854021563|0, 1475854021594|0, 1475854021624|0, 1475854021683|0, 1475854021716|0, 1475854021748|0, 1475854021803|0, 1475854021834|0, 1475854021864|0, 1475854021954|1, 1475854021988|0, 1475854022067|0, 1475854022098|0, 1475854022129|0, 1475854022164|0, 1475854022194|0, 1475854022226|0, 1475854022319|0, 1475854022352|0, 1475854022471|61, 1475854022501|0, 1475854022531|0, 1475854022597|0, 1475854022662|0, 1475854022775|0, 1475854022903|0, 1475854023086|1, 1475854023131|0, 1475854023217|0, 1475854023248|0, 1475854023386|0, 1475854023457|0, 1475854023487|0, 1475854023608|0, 1475854023639|0, 1475854023709|0, 1475854023740|0, 1475854023866|0, 1475854023896|0, 1475854023931|0, 1475854023962|0, 1475854023996|0, 1475854024082|0, 1475854024112|0, 1475854024179|0, 1475854024211|0, 1475854024339|0, 1475854024369|0, 1475854024419|0, 1475854024451|0, 1475854024542|0, 1475854024572|0, 1475854024683|0, 1475854024713|0, 1475854024744|0, 1475854024779|0, 1475854024810|0, 1475854024840|0, 1475854024914|0, 1475854024944|0, 1475854025058|0, 1475854025107|4, 1475854025137|0, 1475854025175|0, 1475854025226|0, 1475854025375|0, 1475854025432|0, 1475854025479|0, 1475854025536|0, 1475854025587|1, 1475854025715|0, 1475854025843|0, 1475854025904|0, 1475854025955|0, 1475854025986|0, 1475854026017|0, 1475854026081|0, 1475854026146|0, 1475854026273|0, 1475854026520|0, 1475854026550|0, 1475854026604|0, 1475854026727|0, 1475854026951|0, 1475854026983|0, 1475854027015|0, 1475854027071|0, 1475854027101|0, 1475854027133|0, 1475854027168|0, 1475854027202|0, 1475854027233|1, 1475854027263|0, 1475854027369|0, 1475854027433|0, 1475854027463|0, 1475854027496|0, 1475854027611|0, 1475854027641|0, 1475854027675|0, 1475854027706|0, 1475854027738|0, 1475854027808|0, 1475854027891|0, 1475854027922|0, 1475854027972|0, 1475854028005|0, 1475854028042|0, 1475854028072|0, 1475854028102|0, 1475854028179|0, 1475854028211|0, 1475854028242|0, 1475854028276|0, 1475854028306|0, 1475854028346|0, 1475854028380|0, 1475854028412|0, 1475854028444|0, 1475854028475|0, 1475854028527|0, 1475854028562|0, 1475854028593|0, 1475854028630|0, 1475854028660|0, 1475854028691|0, 1475854028723|0, 1475854028757|0, 1475854028801|0, 1475854028832|0, 1475854028877|0, 1475854028946|0, 1475854028997|0, 1475854029042|0, 1475854029073|0, 1475854029128|0, 1475854029161|0, 1475854029192|0, 1475854029265|0, 1475854029296|0, 1475854029327|0, 1475854029390|0, 1475854029423|0, 1475854029465|0, 1475854029507|0, 1475854029538|0, 1475854029569|0]
subscribe:[1475854010432|35, 1475854010463|1, 1475854010493|0, 1475854010523|0, 1475854010553|0, 1475854010584|0, 1475854010633|0, 1475854010679|1, 1475854010831|0, 1475854010976|0, 1475854011151|0, 1475854011252|0, 1475854011287|0, 1475854011318|1, 1475854011348|0, 1475854011378|0, 1475854011409|1, 1475854011489|0, 1475854011519|0, 1475854011803|199, 1475854011840|0, 1475854011878|0, 1475854011987|0, 1475854012017|0, 1475854012047|0, 1475854012078|0, 1475854012108|0, 1475854012143|0, 1475854012175|0, 1475854012211|0, 1475854012247|0, 1475854012303|0, 1475854012333|0, 1475854012364|1, 1475854012412|0, 1475854012467|0, 1475854012502|0, 1475854012533|0, 1475854012564|0, 1475854012594|0, 1475854012626|0, 1475854012656|0, 1475854012694|0, 1475854012724|0, 1475854012774|1, 1475854012815|0, 1475854012846|1, 1475854012916|0, 1475854012947|1, 1475854012979|0, 1475854013013|0, 1475854013046|0, 1475854013078|0, 1475854013138|1, 1475854013195|2, 1475854013259|0, 1475854013290|1, 1475854013320|0, 1475854013350|0, 1475854013381|0, 1475854013416|0, 1475854013447|0, 1475854013536|0, 1475854013567|0, 1475854013617|0, 1475854013687|0, 1475854013761|3, 1475854013921|0, 1475854013953|0, 1475854013991|0, 1475854014021|0, 1475854014055|0, 1475854014086|0, 1475854014116|0, 1475854014146|0, 1475854014177|0, 1475854014211|0, 1475854014242|0, 1475854014272|0, 1475854014328|0, 1475854014358|0, 1475854014390|0, 1475854014482|0, 1475854014512|0, 1475854014581|0, 1475854014623|0, 1475854014731|36, 1475854014763|0, 1475854014817|0, 1475854014879|0, 1475854014929|0, 1475854014963|0, 1475854014995|0, 1475854015040|0, 1475854015071|0, 1475854015101|0, 1475854015170|0, 1475854015200|0, 1475854015230|0, 1475854015355|0, 1475854015385|0, 1475854015415|0, 1475854015451|0, 1475854015481|0, 1475854015535|0, 1475854015565|0, 1475854015695|0, 1475854015728|0, 1475854015892|0, 1475854016012|0, 1475854016042|0, 1475854016139|0, 1475854016171|0, 1475854016201|0, 1475854016234|0, 1475854016265|0, 1475854016295|0, 1475854016407|0, 1475854016440|0, 1475854016524|0, 1475854016555|1, 1475854016811|0, 1475854016856|0, 1475854016886|0, 1475854016935|0, 1475854016995|0, 1475854017065|0, 1475854017121|0, 1475854017351|0, 1475854017382|0, 1475854017479|0, 1475854017509|0, 1475854017540|0, 1475854017650|0, 1475854017681|0, 1475854017768|0, 1475854017847|0, 1475854017877|0, 1475854018051|0, 1475854018082|0, 1475854018279|65, 1475854018403|0, 1475854018448|0, 1475854018493|0, 1475854018568|0, 1475854018688|0, 1475854018719|0, 1475854018812|0, 1475854018847|0, 1475854018878|1, 1475854019029|50, 1475854019063|0, 1475854019093|0, 1475854019218|0, 1475854019248|0, 1475854019306|0, 1475854019339|0, 1475854019369|0, 1475854019404|0, 1475854019491|0, 1475854019584|0, 1475854019614|0, 1475854019645|0, 1475854019719|0, 1475854019750|0, 1475854019843|0, 1475854019873|0, 1475854019961|0, 1475854020015|0, 1475854020045|0, 1475854020082|1, 1475854020112|0, 1475854020142|0, 1475854020173|0, 1475854020219|12, 1475854020249|0, 1475854020279|0, 1475854020312|0, 1475854020342|0, 1475854020600|37, 1475854020631|0, 1475854020747|0, 1475854020777|0, 1475854020879|0, 1475854020912|0, 1475854020983|0, 1475854021017|0, 1475854021083|0, 1475854021113|0, 1475854021144|1, 1475854021212|0, 1475854021243|0, 1475854021332|0, 1475854021363|0, 1475854021397|0, 1475854021442|0, 1475854021473|1, 1475854021503|0, 1475854021563|0, 1475854021594|0, 1475854021624|0, 1475854021683|0, 1475854021716|0, 1475854021748|0, 1475854021803|0, 1475854021834|0, 1475854021864|0, 1475854021954|1, 1475854021988|0, 1475854022067|0, 1475854022098|0, 1475854022129|0, 1475854022164|0, 1475854022194|0, 1475854022226|0, 1475854022319|0, 1475854022352|0, 1475854022471|61, 1475854022501|0, 1475854022531|0, 1475854022597|0, 1475854022662|0, 1475854022775|0, 1475854022903|0, 1475854023086|1, 1475854023131|0, 1475854023217|0, 1475854023248|0, 1475854023386|0, 1475854023457|0, 1475854023487|0, 1475854023608|0, 1475854023639|0, 1475854023709|0, 1475854023740|0, 1475854023866|0, 1475854023896|0, 1475854023931|0, 1475854023962|0, 1475854023996|0, 1475854024082|0, 1475854024112|0, 1475854024179|0, 1475854024211|0, 1475854024339|0, 1475854024369|0, 1475854024419|0, 1475854024451|0, 1475854024542|0, 1475854024572|0, 1475854024683|0, 1475854024713|0, 1475854024744|0, 1475854024779|0, 1475854024810|0, 1475854024840|0, 1475854024914|0, 1475854024944|0, 1475854025058|0, 1475854025107|4, 1475854025137|0, 1475854025175|0, 1475854025226|0, 1475854025375|0, 1475854025432|0, 1475854025479|0, 1475854025536|0, 1475854025587|1, 1475854025715|0, 1475854025843|0, 1475854025904|0, 1475854025955|0, 1475854025986|0, 1475854026017|0, 1475854026081|0, 1475854026146|0, 1475854026273|0, 1475854026520|0, 1475854026550|0, 1475854026604|0, 1475854026727|0, 1475854026951|0, 1475854026983|0, 1475854027015|0, 1475854027071|0, 1475854027101|0, 1475854027133|0, 1475854027168|0, 1475854027202|0, 1475854027233|1, 1475854027263|0, 1475854027369|0, 1475854027433|0, 1475854027463|0, 1475854027496|0, 1475854027611|0, 1475854027641|0, 1475854027675|0, 1475854027706|0, 1475854027738|0, 1475854027808|0, 1475854027891|0, 1475854027922|0, 1475854027972|0, 1475854028005|0, 1475854028042|0, 1475854028072|0, 1475854028102|0, 1475854028179|0, 1475854028211|0, 1475854028242|0, 1475854028276|0, 1475854028306|0, 1475854028346|0, 1475854028380|0, 1475854028412|0, 1475854028444|0, 1475854028475|0, 1475854028527|0, 1475854028562|0, 1475854028593|0, 1475854028630|0, 1475854028660|0, 1475854028691|0, 1475854028723|0, 1475854028757|0, 1475854028801|0, 1475854028832|0, 1475854028877|0, 1475854028946|0, 1475854028997|0, 1475854029042|0, 1475854029073|0, 1475854029128|0, 1475854029161|0, 1475854029192|0, 1475854029265|0, 1475854029296|0, 1475854029327|0, 1475854029390|0, 1475854029423|0, 1475854029465|0, 1475854029507|0, 1475854029538|0, 1475854029569|0]
subscribe:[1475854010398|0, 1475854010434|6, 1475854010464|0, 1475854010495|0, 1475854010525|0, 1475854010558|0, 1475854010591|0, 1475854010695|0, 1475854010730|0, 1475854010823|0, 1475854010854|0, 1475854010987|0, 1475854011147|0, 1475854011177|0, 1475854011379|0, 1475854011409|0, 1475854011488|0, 1475854011519|0, 1475854011803|198, 1475854011839|0, 1475854011869|0, 1475854011900|0, 1475854011930|0, 1475854011965|0, 1475854011996|0, 1475854012096|0, 1475854012126|0, 1475854012164|0, 1475854012235|0, 1475854012268|0, 1475854012339|0, 1475854012451|0, 1475854012482|0, 1475854012587|0, 1475854012617|0, 1475854012652|0, 1475854012696|0, 1475854012726|0, 1475854012774|0, 1475854012814|0, 1475854012846|0, 1475854012899|0, 1475854012935|1, 1475854012965|0, 1475854013076|0, 1475854013106|0, 1475854013137|0, 1475854013178|0, 1475854013208|0, 1475854013271|0, 1475854013318|0, 1475854013363|0, 1475854013394|0, 1475854013424|0, 1475854013454|0, 1475854013494|0, 1475854013564|0, 1475854013595|0, 1475854013628|0, 1475854013659|0, 1475854013689|0, 1475854013744|0, 1475854013777|0, 1475854013809|0, 1475854013843|0, 1475854013873|0, 1475854013904|1, 1475854013934|0, 1475854013983|0, 1475854014017|0, 1475854014063|0, 1475854014097|0, 1475854014155|0, 1475854014185|0, 1475854014218|0, 1475854014257|0, 1475854014323|28, 1475854014353|0, 1475854014383|0, 1475854014488|0, 1475854014521|0, 1475854014582|0, 1475854014619|0, 1475854014759|65, 1475854014790|1, 1475854014820|0, 1475854014854|0, 1475854014885|1, 1475854014962|0, 1475854014992|0, 1475854015053|0, 1475854015083|0, 1475854015123|0, 1475854015220|0, 1475854015256|0, 1475854015290|0, 1475854015403|0, 1475854015433|0, 1475854015464|1, 1475854015547|0, 1475854015582|0, 1475854015651|0, 1475854015681|0, 1475854015711|0, 1475854015771|0, 1475854015801|0, 1475854015831|0, 1475854015863|0, 1475854015896|1, 1475854015926|0, 1475854015956|0, 1475854016033|0, 1475854016144|0, 1475854016174|0, 1475854016205|0, 1475854016274|0, 1475854016311|0, 1475854016395|0, 1475854016425|0, 1475854016500|0, 1475854016532|0, 1475854016564|0, 1475854016623|0, 1475854016653|0, 1475854016683|0, 1475854016771|0, 1475854016801|0, 1475854016882|0, 1475854016912|0, 1475854016944|0, 1475854017008|0, 1475854017038|0, 1475854017069|0, 1475854017115|0, 1475854017147|0, 1475854017189|0, 1475854017239|0, 1475854017351|0, 1475854017381|0, 1475854017482|1, 1475854017651|0, 1475854017729|6, 1475854017759|0, 1475854017790|0, 1475854017851|0, 1475854017892|0, 1475854018051|0, 1475854018087|0, 1475854018121|0, 1475854018151|0, 1475854018212|0, 1475854018291|44, 1475854018322|0, 1475854018352|0, 1475854018382|0, 1475854018413|0, 1475854018448|0, 1475854018478|0, 1475854018606|1, 1475854018643|0, 1475854018674|0, 1475854018704|0, 1475854018813|0, 1475854018847|0, 1475854019071|0, 1475854019101|0, 1475854019243|0, 1475854019279|0, 1475854019313|0, 1475854019351|0, 1475854019381|0, 1475854019459|0, 1475854019491|0, 1475854019589|0, 1475854019619|0, 1475854019729|0, 1475854019761|0, 1475854019824|0, 1475854019854|0, 1475854020027|0, 1475854020115|0, 1475854020160|0, 1475854020219|16, 1475854020322|0, 1475854020353|0, 1475854020444|1, 1475854020487|0, 1475854020517|0, 1475854020551|0, 1475854020584|0, 1475854020615|0, 1475854020803|0, 1475854020841|0, 1475854020871|0, 1475854020902|0, 1475854020989|0, 1475854021020|0, 1475854021091|0, 1475854021126|0, 1475854021223|0, 1475854021253|0, 1475854021343|0, 1475854021373|0, 1475854021507|0, 1475854021564|0, 1475854021595|0, 1475854021630|0, 1475854021699|0, 1475854021729|0, 1475854021804|0, 1475854021870|0, 1475854021951|0, 1475854021981|0, 1475854022068|0, 1475854022098|0, 1475854022186|0, 1475854022216|0, 1475854022310|0, 1475854022340|0, 1475854022477|18, 1475854022507|0, 1475854022540|0, 1475854022597|0, 1475854022628|0, 1475854022659|0, 1475854022759|0, 1475854022789|0, 1475854022838|0, 1475854022868|0, 1475854022898|0, 1475854022985|0, 1475854023015|0, 1475854023051|0, 1475854023083|0, 1475854023114|0, 1475854023148|0, 1475854023242|0, 1475854023275|0, 1475854023347|0, 1475854023377|0, 1475854023408|0, 1475854023440|0, 1475854023471|0, 1475854023503|0, 1475854023580|0, 1475854023610|0, 1475854023683|0, 1475854023714|0, 1475854023748|0, 1475854023879|0, 1475854023910|0, 1475854023940|0, 1475854023970|0, 1475854024107|0, 1475854024177|0, 1475854024211|0, 1475854024365|0, 1475854024416|0, 1475854024452|0, 1475854024532|0, 1475854024564|0, 1475854024597|0, 1475854024786|0, 1475854024816|0, 1475854024853|0, 1475854024967|0, 1475854025057|0, 1475854025103|0, 1475854025133|0, 1475854025199|0, 1475854025229|0, 1475854025260|0, 1475854025295|0, 1475854025347|0, 1475854025377|0, 1475854025416|0, 1475854025474|0, 1475854025504|0, 1475854025536|0, 1475854025571|0, 1475854025603|0, 1475854025633|0, 1475854025663|0, 1475854025694|0, 1475854025725|0, 1475854025803|0, 1475854025833|0, 1475854025865|0, 1475854025896|0, 1475854025955|0, 1475854026017|0, 1475854026079|0, 1475854026140|0, 1475854026195|0, 1475854026226|0, 1475854026257|0, 1475854026383|0, 1475854026413|0, 1475854026451|0, 1475854026486|0, 1475854026516|0, 1475854026546|0, 1475854026607|0, 1475854026637|0, 1475854026675|0, 1475854026775|0, 1475854026805|0, 1475854026858|0, 1475854026893|0, 1475854026925|0, 1475854026956|0, 1475854026989|0, 1475854027020|0, 1475854027071|0, 1475854027103|0, 1475854027135|0, 1475854027274|0, 1475854027351|0, 1475854027381|0, 1475854027432|0, 1475854027462|0, 1475854027496|0, 1475854027611|0, 1475854027641|0, 1475854027675|0, 1475854027706|0, 1475854027738|0, 1475854027807|0, 1475854027891|0, 1475854027922|0, 1475854027952|0, 1475854027987|0, 1475854028071|0, 1475854028101|0, 1475854028156|0, 1475854028186|0, 1475854028223|0, 1475854028299|0, 1475854028363|0, 1475854028396|0, 1475854028436|0, 1475854028467|0, 1475854028516|0, 1475854028550|0, 1475854028582|0, 1475854028641|0, 1475854028707|0, 1475854028773|0, 1475854028807|0, 1475854028839|1, 1475854028877|0, 1475854028921|0, 1475854028956|0, 1475854028997|0, 1475854029042|1, 1475854029072|0, 1475854029161|0, 1475854029192|0, 1475854029275|0, 1475854029306|0, 1475854029386|0, 1475854029416|0, 1475854029446|0, 1475854029507|0, 1475854029538|0, 1475854029569|0]
subscribe:[1475854010424|27, 1475854010454|0, 1475854010485|0, 1475854010515|0, 1475854010547|0, 1475854010577|0, 1475854010611|0, 1475854010683|0, 1475854010713|0, 1475854010809|1, 1475854010839|0, 1475854010954|0, 1475854010984|0, 1475854011015|0, 1475854011147|0, 1475854011178|0, 1475854011383|0, 1475854011523|0, 1475854011719|115, 1475854011751|0, 1475854011781|0, 1475854011819|0, 1475854011849|0, 1475854011879|0, 1475854011931|0, 1475854011971|0, 1475854012001|0, 1475854012100|0, 1475854012130|0, 1475854012164|0, 1475854012211|0, 1475854012241|0, 1475854012295|0, 1475854012329|0, 1475854012359|0, 1475854012391|0, 1475854012427|0, 1475854012457|0, 1475854012488|0, 1475854012571|0, 1475854012607|0, 1475854012694|0, 1475854012774|0, 1475854012821|0, 1475854012892|0, 1475854012923|0, 1475854012965|0, 1475854013027|0, 1475854013057|0, 1475854013088|1, 1475854013139|0, 1475854013187|0, 1475854013217|0, 1475854013255|0, 1475854013374|0, 1475854013459|0, 1475854013494|0, 1475854013525|0, 1475854013556|0, 1475854013586|0, 1475854013616|0, 1475854013662|0, 1475854013695|1, 1475854013746|0, 1475854013777|0, 1475854013819|1, 1475854013850|0, 1475854013881|0, 1475854013911|0, 1475854013942|1, 1475854013978|1, 1475854014100|0, 1475854014134|1, 1475854014172|0, 1475854014231|0, 1475854014261|0, 1475854014327|29, 1475854014357|0, 1475854014387|0, 1475854014448|0, 1475854014479|0, 1475854014512|0, 1475854014580|0, 1475854014612|0, 1475854014668|0, 1475854014699|0, 1475854014730|1, 1475854014760|0, 1475854014811|0, 1475854014841|0, 1475854014872|0, 1475854014908|0, 1475854014939|0, 1475854014982|0, 1475854015063|0, 1475854015132|0, 1475854015171|0, 1475854015201|0, 1475854015231|0, 1475854015290|0, 1475854015395|0, 1475854015425|0, 1475854015457|0, 1475854015489|0, 1475854015534|0, 1475854015565|0, 1475854015595|0, 1475854015651|0, 1475854015681|0, 1475854015719|0, 1475854015864|0, 1475854015895|1, 1475854015925|0, 1475854015956|0, 1475854015991|0, 1475854016021|0, 1475854016052|0, 1475854016291|0, 1475854016322|0, 1475854016427|0, 1475854016543|0, 1475854016639|0, 1475854016669|0, 1475854016700|0, 1475854016795|0, 1475854016825|0, 1475854016911|0, 1475854016941|0, 1475854017039|0, 1475854017115|0, 1475854017146|0, 1475854017176|0, 1475854017209|0, 1475854017351|0, 1475854017381|0, 1475854017535|0, 1475854017651|0, 1475854017682|0, 1475854017727|0, 1475854017757|0, 1475854017870|0, 1475854018033|0, 1475854018063|0, 1475854018094|0, 1475854018124|0, 1475854018210|0, 1475854018283|42, 1475854018403|0, 1475854018448|0, 1475854018479|0, 1475854018568|0, 1475854018698|0, 1475854018729|0, 1475854018836|0, 1475854018875|0, 1475854018991|0, 1475854019029|7, 1475854019059|0, 1475854019090|0, 1475854019240|0, 1475854019370|0, 1475854019461|0, 1475854019492|0, 1475854019614|0, 1475854019711|0, 1475854019741|0, 1475854019859|0, 1475854020007|0, 1475854020040|0, 1475854020111|0, 1475854020141|0, 1475854020177|0, 1475854020219|8, 1475854020253|0, 1475854020284|0, 1475854020322|0, 1475854020475|0, 1475854020505|0, 1475854020536|0, 1475854020567|0, 1475854020600|0, 1475854020631|0, 1475854020661|0, 1475854020692|0, 1475854020722|0, 1475854020752|0, 1475854020783|0, 1475854020861|0, 1475854020892|0, 1475854020991|0, 1475854021023|0, 1475854021083|0, 1475854021120|0, 1475854021153|0, 1475854021218|0, 1475854021248|0, 1475854021343|0, 1475854021373|0, 1475854021507|0, 1475854021564|1, 1475854021594|0, 1475854021624|0, 1475854021683|0, 1475854021713|0, 1475854021744|1, 1475854021803|0, 1475854021833|0, 1475854021864|0, 1475854021963|0, 1475854022094|1, 1475854022124|0, 1475854022219|1, 1475854022312|0, 1475854022342|0, 1475854022404|0, 1475854022475|40, 1475854022505|0, 1475854022535|0, 1475854022623|0, 1475854022653|0, 1475854022759|0, 1475854022790|0, 1475854022839|1, 1475854022869|0, 1475854022899|0, 1475854022963|0, 1475854022993|0, 1475854023023|0, 1475854023083|0, 1475854023113|0, 1475854023144|1, 1475854023222|0, 1475854023252|0, 1475854023387|0, 1475854023495|0, 1475854023608|0, 1475854023699|0, 1475854023729|0, 1475854023879|0, 1475854023943|0, 1475854023973|0, 1475854024107|0, 1475854024138|0, 1475854024172|0, 1475854024203|0, 1475854024234|0, 1475854024319|0, 1475854024349|0, 1475854024416|1, 1475854024447|0, 1475854024479|0, 1475854024542|1, 1475854024572|0, 1475854024687|0, 1475854024717|0, 1475854024799|0, 1475854024911|0, 1475854024941|0, 1475854025116|0, 1475854025214|0, 1475854025245|0, 1475854025322|0, 1475854025352|0, 1475854025384|0, 1475854025416|1, 1475854025505|0, 1475854025536|0, 1475854025586|0, 1475854025711|0, 1475854025742|0, 1475854025779|0, 1475854025812|0, 1475854025843|0, 1475854025909|0, 1475854025962|0, 1475854026042|13, 1475854026075|0, 1475854026106|0, 1475854026137|0, 1475854026196|0, 1475854026226|0, 1475854026257|0, 1475854026403|0, 1475854026433|0, 1475854026490|0, 1475854026524|0, 1475854026611|0, 1475854026643|0, 1475854026673|0, 1475854026710|0, 1475854026740|0, 1475854026770|0, 1475854026801|1, 1475854026887|0, 1475854026917|0, 1475854026951|0, 1475854026981|0, 1475854027029|0, 1475854027151|0, 1475854027191|0, 1475854027222|0, 1475854027254|0, 1475854027285|0, 1475854027318|0, 1475854027348|0, 1475854027379|0, 1475854027421|0, 1475854027452|0, 1475854027485|0, 1475854027519|0, 1475854027552|0, 1475854027583|0, 1475854027616|0, 1475854027647|0, 1475854027679|0, 1475854027710|0, 1475854027741|0, 1475854027813|0, 1475854027844|0, 1475854027883|0, 1475854027915|0, 1475854027946|1, 1475854027979|0, 1475854028108|0, 1475854028187|0, 1475854028223|0, 1475854028288|0, 1475854028319|1, 1475854028349|0, 1475854028399|0, 1475854028436|0, 1475854028467|0, 1475854028580|0, 1475854028611|0, 1475854028641|0, 1475854028683|0, 1475854028715|0, 1475854028763|0, 1475854028830|0, 1475854028888|0, 1475854028921|0, 1475854028951|0, 1475854029001|0, 1475854029065|0, 1475854029117|0, 1475854029151|0, 1475854029182|0, 1475854029212|0, 1475854029283|0, 1475854029313|0, 1475854029386|1, 1475854029416|0, 1475854029446|0, 1475854029507|0, 1475854029538|0, 1475854029569|0]
handlers:testevent:[1475854010439|738, 1475854012094|1871, 1475854014441|2000, 1475854016324|2000, 1475854018594|1827, 1475854020602|1856, 1475854022647|1886, 1475854024424|1992, 1475854026378|1749, 1475854027937|2000]
handlers:testevent:[1475854010439|738, 1475854012094|1871, 1475854014441|2000, 1475854016324|2000, 1475854018594|1827, 1475854020602|1856, 1475854022647|1886, 1475854024424|1992, 1475854026378|1749, 1475854027937|2000]
handlers:testevent:[1475854010815|1716, 1475854012563|1957, 1475854013855|2000, 1475854015042|2000, 1475854016466|2000, 1475854018017|1613, 1475854019767|2000, 1475854022165|1948, 1475854023823|1752, 1475854025952|2000]
handlers:testevent:[1475854010440|738, 1475854011533|2000, 1475854013712|2000, 1475854015451|1993, 1475854017545|2000, 1475854019258|1878, 1475854021285|2000, 1475854022915|2000, 1475854024729|1962, 1475854026126|1999]
handlers:testevent:[1475854010881|2000, 1475854012406|2000, 1475854014636|1999, 1475854016143|1953, 1475854018155|2000, 1475854019518|1990, 1475854022057|1741, 1475854023974|1999, 1475854025925|2000, 1475854027931|2000]
handlers:testevent:[1475854010936|1619, 1475854013363|1957, 1475854015363|1768, 1475854017232|2000, 1475854019251|1878, 1475854021092|1948, 1475854022928|2000, 1475854024793|1916, 1475854026714|2000, 1475854028566|1956]
handlers:testevent:[1475854010490|1204, 1475854012554|1957, 1475854014973|2000, 1475854016797|1801, 1475854018265|1837, 1475854020518|2000, 1475854022348|1996, 1475854023745|1998, 1475854025355|1869, 1475854027224|1947]
handlers:testevent:[1475854010475|1079, 1475854012457|1875, 1475854014294|1998, 1475854016239|1999, 1475854018302|1994, 1475854020396|2000, 1475854022448|1960, 1475854024343|1811, 1475854026190|2000, 1475854027709|1980]
handlers:testevent:[1475854010803|1605, 1475854012862|1999, 1475854014653|1999, 1475854016728|2000, 1475854018753|2000, 1475854020724|1957, 1475854022527|1884, 1475854024168|2000, 1475854026186|2000, 1475854027579|1952]
handlers:testevent:[1475854011004|1993, 1475854012384|1993, 1475854014638|1999, 1475854016197|1869, 1475854018219|1836, 1475854020490|1914, 1475854022429|1962, 1475854024108|1918, 1475854025776|1868, 1475854027056|2000]
handlers:testevent:[1475854010972|1726, 1475854012973|1994, 1475854015105|1941, 1475854017266|1950, 1475854018641|1919, 1475854020151|2000, 1475854021901|2000, 1475854023618|1982, 1475854025384|2000, 1475854027141|1954]
handlers:testevent:[1475854011129|1617, 1475854013020|1954, 1475854015111|1941, 1475854016469|2000, 1475854018174|2000, 1475854020000|1824, 1475854022306|1740, 1475854024279|2000, 1475854026195|2000, 1475854028299|2000]
handlers:testevent:[1475854011005|1993, 1475854012845|1867, 1475854014228|1949, 1475854016034|1913, 1475854018113|1801, 1475854019678|2000, 1475854021534|1999, 1475854023493|1946, 1475854024318|1751, 1475854026398|1848]
handlers:testevent:[1475854011033|2000, 1475854012951|1999, 1475854014040|1998, 1475854015696|2000, 1475854017153|1998, 1475854019495|1990, 1475854021952|1850, 1475854023907|1986, 1475854025909|1997, 1475854027858|1956]
handlers:testevent:[1475854010804|1605, 1475854012438|1996, 1475854014136|2000, 1475854016185|1869, 1475854017563|2000, 1475854019310|1998, 1475854021100|1948, 1475854022880|2000, 1475854024589|1998, 1475854027129|1994]
handlers:testevent:[1475854011034|2000, 1475854012129|1957, 1475854013867|1870, 1475854016139|2000, 1475854018019|1613, 1475854019867|1971, 1475854021738|1952, 1475854023815|1752, 1475854025694|1943, 1475854027633|1868]
handlers:testevent:[1475854010970|1726, 1475854012983|2000, 1475854014771|1989, 1475854016485|2000, 1475854018354|1729, 1475854020201|2000, 1475854022065|1741, 1475854023556|2000, 1475854025103|1894, 1475854027310|2000]
handlers:testevent:[1475854010930|1619, 1475854013065|1955, 1475854015172|1978, 1475854017367|1804, 1475854019237|1875, 1475854020945|2000, 1475854023095|1945, 1475854024863|2000, 1475854027122|1994, 1475854028841|2000]
handlers:testevent:[1475854011058|2000, 1475854013298|1865, 1475854015339|1868, 1475854017420|2000, 1475854019724|1731, 1475854021417|2000, 1475854023259|1995, 1475854025163|2000, 1475854027022|1996, 1475854028622|1998]
handlers:testevent:[1475854011159|1921, 1475854013083|2000, 1475854014938|1960, 1475854017045|1927, 1475854019748|1935, 1475854021923|2000, 1475854023870|1731, 1475854025629|1929, 1475854027419|1998, 1475854029116|2000]
handlers:testevent:[1475854010939|1619, 1475854012955|1999, 1475854014716|1857, 1475854016920|1866, 1475854018736|2000, 1475854021596|2000, 1475854023589|1849, 1475854025640|1989, 1475854027929|2000, 1475854029262|2000]
handlers:testevent:[1475854011057|2000, 1475854013322|1997, 1475854015343|1734, 1475854017312|1950, 1475854019182|1999, 1475854021153|2000, 1475854023126|1859, 1475854025072|1999, 1475854027098|1983, 1475854028458|2000]
handlers:testevent:[1475854011182|2000, 1475854013214|1954, 1475854015209|1997, 1475854016954|2000, 1475854019273|1878, 1475854021291|2000, 1475854023207|1748, 1475854025081|1999, 1475854027479|1996, 1475854028975|2000]
handlers:testevent:[1475854011150|1833, 1475854013483|1999, 1475854015487|1999, 1475854017381|1924, 1475854018350|1620, 1475854020301|1995, 1475854022448|1963, 1475854024105|1698, 1475854026107|1999, 1475854027701|1860]
handlers:testevent:[1475854011069|2000, 1475854013231|1859, 1475854015309|1999, 1475854017133|2000, 1475854019404|2000, 1475854021913|2000, 1475854023664|2000, 1475854025558|1996, 1475854027704|1854, 1475854029168|1960]
handlers:testevent:[1475854011206|2000, 1475854013574|1943, 1475854015582|1952, 1475854017734|1763, 1475854019769|2000, 1475854021949|1728, 1475854023565|1753, 1475854025239|1911, 1475854027214|1998, 1475854028723|1995]
handlers:testevent:[1475854011090|2000, 1475854013613|2000, 1475854015731|2000, 1475854017966|2000, 1475854019839|1944, 1475854021862|1874, 1475854023522|2000, 1475854025458|2000, 1475854027308|2000, 1475854028835|1997]
handlers:testevent:[1475854011247|1609, 1475854013318|1865, 1475854015283|2000, 1475854017497|1836, 1475854018977|1851, 1475854020644|1870, 1475854022545|2000, 1475854024496|2000, 1475854026489|1953, 1475854028214|2000]
handlers:testevent:[1475854010966|1726, 1475854012495|1997, 1475854014352|1735, 1475854016411|1941, 1475854018012|1613, 1475854019607|1685, 1475854021563|1862, 1475854023730|1988, 1475854025594|1843, 1475854027704|1860]
handlers:testevent:[1475854011192|2000, 1475854013260|1971, 1475854015337|1868, 1475854016758|1870, 1475854017992|1613, 1475854020149|2000, 1475854022014|1999, 1475854023853|1629, 1475854026042|2000, 1475854027725|2000]
handlers:testevent:[1475854011191|2000, 1475854013372|1998, 1475854015380|1768, 1475854017172|1868, 1475854018639|1919, 1475854020504|1914, 1475854022623|1988, 1475854024405|2000, 1475854025980|1984, 1475854027833|1874]
publish:subtestevent:[1475854011341|902, 1475854013513|1419, 1475854015805|1364, 1475854017577|1253, 1475854019989|1395, 1475854022063|1461, 1475854023830|1183, 1475854025738|1314, 1475854027474|1096, 1475854028989|1052]
publish:subtestevent:[1475854011341|902, 1475854013513|1419, 1475854015805|1364, 1475854017577|1253, 1475854019989|1395, 1475854022063|1461, 1475854023830|1183, 1475854025738|1314, 1475854027474|1096, 1475854028989|1052]
publish:subtestevent:[1475854012054|1239, 1475854013224|661, 1475854014685|830, 1475854015811|769, 1475854017644|1178, 1475854019070|1053, 1475854021571|1804, 1475854023224|1059, 1475854025070|1247, 1475854027493|1541]
publish:subtestevent:[1475854010944|504, 1475854013261|1728, 1475854014824|1112, 1475854017079|1628, 1475854018679|1134, 1475854020537|1279, 1475854022438|1153, 1475854024056|1141, 1475854025620|891, 1475854027393|1267]
publish:subtestevent:[1475854011719|838, 1475854013927|1521, 1475854015780|1144, 1475854017478|1335, 1475854018863|708, 1475854021377|1859, 1475854023407|1350, 1475854025339|1365, 1475854027395|1470, 1475854028965|1034]
publish:subtestevent:[1475854012671|1735, 1475854014582|1219, 1475854016553|1190, 1475854018798|1566, 1475854020435|1184, 1475854022329|1237, 1475854024296|1368, 1475854025981|1188, 1475854027987|1273, 1475854029188|622]
publish:subtestevent:[1475854011959|1469, 1475854014229|1675, 1475854016101|1128, 1475854017808|1011, 1475854019955|1690, 1475854021927|1409, 1475854023163|815, 1475854024798|1053, 1475854026661|1306, 1475854028444|1220]
publish:subtestevent:[1475854011951|1476, 1475854013844|1387, 1475854015743|1449, 1475854017508|1269, 1475854019856|1554, 1475854021831|1435, 1475854023723|1275, 1475854025626|1283, 1475854027199|1009, 1475854028753|1044]
publish:subtestevent:[1475854012066|1263, 1475854014002|1140, 1475854016080|1427, 1475854018174|1446, 1475854020165|1412, 1475854021825|1101, 1475854023550|1023, 1475854025408|1240, 1475854026862|676, 1475854028825|1246]
publish:subtestevent:[1475854011877|873, 1475854013787|1403, 1475854015703|1065, 1475854017517|1320, 1475854019486|1267, 1475854021842|1352, 1475854023590|1161, 1475854025273|1165, 1475854026680|904, 1475854028236|1180]
publish:subtestevent:[1475854012465|1493, 1475854014554|1581, 1475854016631|1526, 1475854018086|820, 1475854019562|921, 1475854021385|1234, 1475854023105|1204, 1475854024809|1191, 1475854026466|1082, 1475854028401|1260]
publish:subtestevent:[1475854012429|1300, 1475854014285|1265, 1475854015847|736, 1475854017587|1118, 1475854019365|1191, 1475854021618|1618, 1475854023584|1278, 1475854025619|1340, 1475854027712|1517, 1475854029038|739]
publish:subtestevent:[1475854012376|1371, 1475854014051|1206, 1475854015407|1179, 1475854017430|1396, 1475854019245|1132, 1475854020945|1267, 1475854022853|1319, 1475854024093|600, 1475854025653|1335, 1475854026784|386]
publish:subtestevent:[1475854012403|1370, 1475854013623|672, 1475854014886|846, 1475854016752|1056, 1475854018706|1553, 1475854021322|1827, 1475854023302|1350, 1475854025226|1319, 1475854027330|1421, 1475854029038|1180]
publish:subtestevent:[1475854011775|971, 1475854013637|1199, 1475854015230|1094, 1475854016837|652, 1475854018934|1371, 1475854020664|1354, 1475854022192|1092, 1475854024280|1400, 1475854026290|1701, 1475854028531|1402]
publish:subtestevent:[1475854011701|667, 1475854013332|1203, 1475854015434|1567, 1475854017501|1362, 1475854018984|965, 1475854020919|1052, 1475854023244|1506, 1475854025139|1324, 1475854026966|1272, 1475854028754|1121]
publish:subtestevent:[1475854012117|1147, 1475854014159|1176, 1475854015829|1058, 1475854017696|1211, 1475854019427|1073, 1475854021474|1273, 1475854023070|1005, 1475854024661|1105, 1475854026784|1681, 1475854028393|1083]
publish:subtestevent:[1475854012251|1321, 1475854014581|1516, 1475854016711|1539, 1475854018582|1215, 1475854020332|1095, 1475854022340|1395, 1475854024484|1389, 1475854026274|1411, 1475854028351|1229, 1475854029260|419]
publish:subtestevent:[1475854012634|1576, 1475854014724|1426, 1475854016685|1346, 1475854018756|1336, 1475854021017|1293, 1475854022515|1098, 1475854024514|1255, 1475854026251|1088, 1475854028070|1048, 1475854029364|742]
publish:subtestevent:[1475854012308|1149, 1475854014384|1301, 1475854016425|1487, 1475854018787|1742, 1475854021284|1536, 1475854023314|1391, 1475854025038|1168, 1475854026835|1206, 1475854028579|1160, 1475854029457|341]
publish:subtestevent:[1475854012177|1238, 1475854014067|1112, 1475854016192|1476, 1475854018173|1253, 1475854020773|2037, 1475854022859|1263, 1475854024883|1294, 1475854027354|1714, 1475854028980|1051, 1475854029413|151]
publish:subtestevent:[1475854012615|1558, 1475854014602|1280, 1475854016602|1259, 1475854018545|1233, 1475854020506|1324, 1475854022484|1331, 1475854024437|1311, 1475854026413|1341, 1475854028097|999, 1475854029253|795]
publish:subtestevent:[1475854012499|1317, 1475854014690|1476, 1475854016448|1239, 1475854018373|1419, 1475854020510|1237, 1475854022519|1228, 1475854024412|1205, 1475854026812|1731, 1475854028634|1155, 1475854029302|327]
publish:subtestevent:[1475854012497|1428, 1475854014635|1404, 1475854016422|1113, 1475854018609|1476, 1475854021240|1836, 1475854023120|1207, 1475854024791|1127, 1475854026955|1397, 1475854028767|1063, 1475854029475|307]
publish:subtestevent:[1475854012658|1508, 1475854014843|1360, 1475854016570|1083, 1475854018014|633, 1475854019633|1283, 1475854021817|1516, 1475854023593|1145, 1475854025348|1243, 1475854027235|1128, 1475854028707|1006]
publish:subtestevent:[1475854012853|1647, 1475854014800|1226, 1475854017030|1448, 1475854018879|1145, 1475854021366|1597, 1475854023092|1143, 1475854024832|1267, 1475854026653|1414, 1475854028181|967, 1475854029336|613]
publish:subtestevent:[1475854012828|1738, 1475854015145|1532, 1475854017210|1479, 1475854018975|1009, 1475854021103|1264, 1475854022916|1054, 1475854024876|1354, 1475854026794|1336, 1475854028373|1065, 1475854029442|607]
publish:subtestevent:[1475854012947|1700, 1475854014631|1313, 1475854016650|1367, 1475854018470|973, 1475854019854|877, 1475854021964|1320, 1475854023821|1276, 1475854026003|1507, 1475854027611|1122, 1475854029188|974]
publish:subtestevent:[1475854011914|948, 1475854013722|1227, 1475854015638|1286, 1475854017580|1169, 1475854018922|910, 1475854020864|1257, 1475854022974|1411, 1475854024862|1132, 1475854027081|1487, 1475854028892|1188]
publish:subtestevent:[1475854012508|1316, 1475854014671|1411, 1475854016377|1040, 1475854017355|597, 1475854019439|1447, 1475854021436|1287, 1475854023218|1204, 1475854025336|1483, 1475854027051|1009, 1475854028769|1044]
publish:subtestevent:[1475854012597|1406, 1475854014607|1235, 1475854016756|1376, 1475854018369|1197, 1475854019846|1207, 1475854021830|1326, 1475854023815|1192, 1475854025733|1328, 1475854027181|1201, 1475854028979|1146]
handlers:subtestevent:[1475854011341|3860, 1475854013513|3972, 1475854015805|3842, 1475854017577|4000, 1475854019989|3655, 1475854022063|3479, 1475854023830|3495, 1475854025738|3981, 1475854027474|3993, 1475854028989|4000]
handlers:subtestevent:[1475854011341|3860, 1475854013513|3972, 1475854015805|3842, 1475854017577|4000, 1475854019989|3655, 1475854022063|3479, 1475854023830|3495, 1475854025738|3981, 1475854027474|3993, 1475854028989|4000]
handlers:subtestevent:[1475854012054|3900, 1475854013224|3999, 1475854014685|4000, 1475854015811|3842, 1475854017644|3253, 1475854019070|3866, 1475854021571|3712, 1475854023224|3887, 1475854025070|3998, 1475854027493|4000]
handlers:subtestevent:[1475854010944|3239, 1475854013261|3944, 1475854014824|3912, 1475854017079|4000, 1475854018679|4000, 1475854020537|3919, 1475854022438|3924, 1475854024056|3464, 1475854025620|3864, 1475854027393|3996]
handlers:subtestevent:[1475854011719|3772, 1475854013927|4000, 1475854015780|3912, 1475854017478|4000, 1475854018863|3826, 1475854021377|3993, 1475854023407|3964, 1475854025339|3998, 1475854027395|3939, 1475854028965|4000]
handlers:subtestevent:[1475854012671|3999, 1475854014582|3935, 1475854016553|3884, 1475854018798|3999, 1475854020435|3743, 1475854022329|3720, 1475854024296|3483, 1475854025981|3966, 1475854027987|3994, 1475854029188|3742]
handlers:subtestevent:[1475854011959|3996, 1475854014229|3905, 1475854016101|4000, 1475854017808|4000, 1475854019955|4000, 1475854021927|3924, 1475854023163|4000, 1475854024798|3847, 1475854026661|3714, 1475854028444|4000]
handlers:subtestevent:[1475854011951|3889, 1475854013844|3991, 1475854015743|4000, 1475854017508|3658, 1475854019856|3791, 1475854021831|3736, 1475854023723|4000, 1475854025626|3864, 1475854027199|3907, 1475854028753|4000]
handlers:subtestevent:[1475854012066|3900, 1475854014002|4000, 1475854016080|4000, 1475854018174|4000, 1475854020165|3913, 1475854021825|3736, 1475854023550|4000, 1475854025408|4000, 1475854026862|3910, 1475854028825|3994]
handlers:subtestevent:[1475854011877|3998, 1475854013787|3990, 1475854015703|3734, 1475854017517|3844, 1475854019486|3454, 1475854021842|3997, 1475854023590|3694, 1475854025273|4000, 1475854026680|3994, 1475854028236|3974]
handlers:subtestevent:[1475854012465|3911, 1475854014554|4000, 1475854016631|3907, 1475854018086|4000, 1475854019562|3983, 1475854021385|3993, 1475854023105|3886, 1475854024809|3973, 1475854026466|4000, 1475854028401|3991]
handlers:subtestevent:[1475854012429|3992, 1475854014285|3996, 1475854015847|3777, 1475854017587|4000, 1475854019365|3476, 1475854021618|3746, 1475854023584|3694, 1475854025619|3864, 1475854027712|4000, 1475854029038|4000]
handlers:subtestevent:[1475854012376|3984, 1475854014051|3992, 1475854015407|3993, 1475854017430|4000, 1475854019245|3548, 1475854020945|4000, 1475854022853|3771, 1475854024093|3408, 1475854025653|3976, 1475854026784|3819]
handlers:subtestevent:[1475854012403|4000, 1475854013623|3995, 1475854014886|3998, 1475854016752|4000, 1475854018706|3787, 1475854021322|4000, 1475854023302|4000, 1475854025226|3792, 1475854027330|3902, 1475854029038|4000]
handlers:subtestevent:[1475854011775|3785, 1475854013637|4000, 1475854015230|3737, 1475854016837|3999, 1475854018934|4000, 1475854020664|3928, 1475854022192|3834, 1475854024280|4000, 1475854026290|4000, 1475854028531|3993]
handlers:subtestevent:[1475854011701|3773, 1475854013332|3715, 1475854015434|3901, 1475854017501|3658, 1475854018984|3826, 1475854020919|4000, 1475854023244|3990, 1475854025139|4000, 1475854026966|4000, 1475854028754|4000]
handlers:subtestevent:[1475854012117|3987, 1475854014159|3997, 1475854015829|3842, 1475854017696|4000, 1475854019427|4000, 1475854021474|3848, 1475854023070|4000, 1475854024661|3485, 1475854026784|3819, 1475854028393|4000]
handlers:subtestevent:[1475854012251|3995, 1475854014581|3871, 1475854016711|4000, 1475854018582|3650, 1475854020332|3799, 1475854022340|3720, 1475854024484|4000, 1475854026274|4000, 1475854028351|3910, 1475854029260|4000]
handlers:subtestevent:[1475854012634|4000, 1475854014724|3704, 1475854016685|3983, 1475854018756|3999, 1475854021017|3893, 1475854022515|3997, 1475854024514|4000, 1475854026251|4000, 1475854028070|3665, 1475854029364|4000]
handlers:subtestevent:[1475854012308|3996, 1475854014384|3887, 1475854016425|3602, 1475854018787|3999, 1475854021284|4000, 1475854023314|4000, 1475854025038|4000, 1475854026835|4000, 1475854028579|3911, 1475854029457|3998]
handlers:subtestevent:[1475854012177|4000, 1475854014067|3950, 1475854016192|3727, 1475854018173|4000, 1475854020773|3628, 1475854022859|3771, 1475854024883|4000, 1475854027354|3963, 1475854028980|4000, 1475854029413|3744]
handlers:subtestevent:[1475854012615|3907, 1475854014602|3981, 1475854016602|4000, 1475854018545|4000, 1475854020506|3958, 1475854022484|3512, 1475854024437|3984, 1475854026413|3634, 1475854028097|3964, 1475854029253|4000]
handlers:subtestevent:[1475854012499|3944, 1475854014690|3734, 1475854016448|4000, 1475854018373|3471, 1475854020510|3958, 1475854022519|3997, 1475854024412|3519, 1475854026812|4000, 1475854028634|4000, 1475854029302|3994]
handlers:subtestevent:[1475854012497|3996, 1475854014635|3957, 1475854016422|3602, 1475854018609|3839, 1475854021240|3983, 1475854023120|4000, 1475854024791|3847, 1475854026955|3932, 1475854028767|3996, 1475854029475|4000]
handlers:subtestevent:[1475854012658|3999, 1475854014843|3996, 1475854016570|4000, 1475854018014|3221, 1475854019633|3946, 1475854021817|3736, 1475854023593|3694, 1475854025348|3532, 1475854027235|3993, 1475854028707|3895]
handlers:subtestevent:[1475854012853|3997, 1475854014800|4000, 1475854017030|3732, 1475854018879|4000, 1475854021366|4000, 1475854023092|3886, 1475854024832|3921, 1475854026653|3714, 1475854028181|3734, 1475854029336|4000]
handlers:subtestevent:[1475854012828|4000, 1475854015145|4000, 1475854017210|4000, 1475854018975|3727, 1475854021103|3893, 1475854022916|4000, 1475854024876|4000, 1475854026794|3819, 1475854028373|3981, 1475854029442|3756]
handlers:subtestevent:[1475854012947|3999, 1475854014631|3998, 1475854016650|3834, 1475854018470|3792, 1475854019854|3598, 1475854021964|3983, 1475854023821|3495, 1475854026003|4000, 1475854027611|3989, 1475854029188|3742]
handlers:subtestevent:[1475854011914|4000, 1475854013722|4000, 1475854015638|4000, 1475854017580|4000, 1475854018922|4000, 1475854020864|3833, 1475854022974|3699, 1475854024862|4000, 1475854027081|3966, 1475854028892|4000]
handlers:subtestevent:[1475854012508|4000, 1475854014671|4000, 1475854016377|4000, 1475854017355|3839, 1475854019439|4000, 1475854021436|4000, 1475854023218|3704, 1475854025336|3998, 1475854027051|4000, 1475854028769|3996]
handlers:subtestevent:[1475854012597|3997, 1475854014607|3981, 1475854016756|3745, 1475854018369|3471, 1475854019846|3598, 1475854021830|3736, 1475854023815|3495, 1475854025733|3981, 1475854027181|4000, 1475854028979|4000]
publish:testevent:[1475854010439|49, 1475854012094|753, 1475854014441|928, 1475854016324|519, 1475854018594|1017, 1475854020602|613, 1475854022647|584, 1475854024424|594, 1475854026378|639, 1475854027937|463]
publish:testevent:[1475854010439|49, 1475854012094|753, 1475854014441|928, 1475854016324|519, 1475854018594|1017, 1475854020602|613, 1475854022647|584, 1475854024424|594, 1475854026378|639, 1475854027937|463]
publish:testevent:[1475854010815|425, 1475854012563|509, 1475854013855|631, 1475854015042|357, 1475854016466|637, 1475854018017|373, 1475854019767|697, 1475854022165|594, 1475854023823|599, 1475854025952|882]
publish:testevent:[1475854010440|42, 1475854011533|589, 1475854013712|451, 1475854015451|627, 1475854017545|466, 1475854019258|579, 1475854021285|748, 1475854022915|477, 1475854024729|673, 1475854026126|506]
publish:testevent:[1475854010881|477, 1475854012406|687, 1475854014636|709, 1475854016143|363, 1475854018155|677, 1475854019518|655, 1475854022057|680, 1475854023974|567, 1475854025925|586, 1475854027931|536]
publish:testevent:[1475854010936|524, 1475854013363|692, 1475854015363|781, 1475854017232|679, 1475854019251|453, 1475854021092|657, 1475854022928|599, 1475854024793|497, 1475854026714|733, 1475854028566|579]
publish:testevent:[1475854010490|57, 1475854012554|595, 1475854014973|744, 1475854016797|696, 1475854018265|457, 1475854020518|563, 1475854022348|421, 1475854023745|582, 1475854025355|557, 1475854027224|563]
publish:testevent:[1475854010475|33, 1475854012457|506, 1475854014294|450, 1475854016239|496, 1475854018302|793, 1475854020396|526, 1475854022448|617, 1475854024343|620, 1475854026190|564, 1475854027709|510]
publish:testevent:[1475854010803|357, 1475854012862|796, 1475854014653|651, 1475854016728|648, 1475854018753|579, 1475854020724|559, 1475854022527|701, 1475854024168|618, 1475854026186|778, 1475854027579|717]
publish:testevent:[1475854011004|541, 1475854012384|506, 1475854014638|851, 1475854016197|494, 1475854018219|702, 1475854020490|1004, 1475854022429|587, 1475854024108|518, 1475854025776|503, 1475854027056|376]
publish:testevent:[1475854010972|502, 1475854012973|508, 1475854015105|551, 1475854017266|635, 1475854018641|555, 1475854020151|589, 1475854021901|516, 1475854023618|513, 1475854025384|575, 1475854027141|675]
publish:testevent:[1475854011129|644, 1475854013020|591, 1475854015111|826, 1475854016469|622, 1475854018174|587, 1475854020000|635, 1475854022306|688, 1475854024279|695, 1475854026195|576, 1475854028299|587]
publish:testevent:[1475854011005|518, 1475854012845|469, 1475854014228|177, 1475854016034|627, 1475854018113|683, 1475854019678|433, 1475854021534|543, 1475854023493|640, 1475854024318|225, 1475854026398|745]
publish:testevent:[1475854011033|538, 1475854012951|548, 1475854014040|417, 1475854015696|810, 1475854017153|401, 1475854019495|789, 1475854021952|630, 1475854023907|605, 1475854025909|683, 1475854027858|528]
publish:testevent:[1475854010804|309, 1475854012438|663, 1475854014136|499, 1475854016185|932, 1475854017563|726, 1475854019310|376, 1475854021100|436, 1475854022880|688, 1475854024589|309, 1475854027129|839]
publish:testevent:[1475854011034|528, 1475854012129|428, 1475854013867|534, 1475854016139|705, 1475854018019|518, 1475854019867|883, 1475854021738|755, 1475854023815|571, 1475854025694|555, 1475854027633|667]
publish:testevent:[1475854010970|464, 1475854012983|866, 1475854014771|612, 1475854016485|648, 1475854018354|658, 1475854020201|774, 1475854022065|591, 1475854023556|486, 1475854025103|442, 1475854027310|526]
publish:testevent:[1475854010930|416, 1475854013065|814, 1475854015172|591, 1475854017367|656, 1475854019237|655, 1475854020945|613, 1475854023095|755, 1475854024863|379, 1475854027122|848, 1475854028841|490]
publish:testevent:[1475854011058|543, 1475854013298|664, 1475854015339|615, 1475854017420|735, 1475854019724|968, 1475854021417|400, 1475854023259|744, 1475854025163|649, 1475854027022|771, 1475854028622|552]
publish:testevent:[1475854011159|639, 1475854013083|775, 1475854014938|554, 1475854017045|620, 1475854019748|961, 1475854021923|639, 1475854023870|556, 1475854025629|591, 1475854027419|584, 1475854029116|537]
publish:testevent:[1475854010939|411, 1475854012955|778, 1475854014716|649, 1475854016920|728, 1475854018736|563, 1475854021596|823, 1475854023589|730, 1475854025640|757, 1475854027929|575, 1475854029262|282]
publish:testevent:[1475854011057|520, 1475854013322|707, 1475854015343|741, 1475854017312|710, 1475854019182|637, 1475854021153|647, 1475854023126|642, 1475854025072|635, 1475854027098|685, 1475854028458|361]
publish:testevent:[1475854011182|640, 1475854013214|715, 1475854015209|519, 1475854016954|506, 1475854019273|900, 1475854021291|781, 1475854023207|688, 1475854025081|669, 1475854027479|667, 1475854028975|341]
publish:testevent:[1475854011150|603, 1475854013483|825, 1475854015487|643, 1475854017381|811, 1475854018350|336, 1475854020301|668, 1475854022448|631, 1475854024105|512, 1475854026107|759, 1475854027701|466]
publish:testevent:[1475854011069|510, 1475854013231|734, 1475854015309|674, 1475854017133|711, 1475854019404|795, 1475854021913|673, 1475854023664|544, 1475854025558|767, 1475854027704|749, 1475854029168|401]
publish:testevent:[1475854011206|663, 1475854013574|721, 1475854015582|782, 1475854017734|704, 1475854019769|890, 1475854021949|583, 1475854023565|473, 1475854025239|407, 1475854027214|561, 1475854028723|542]
publish:testevent:[1475854011090|531, 1475854013613|785, 1475854015731|586, 1475854017966|756, 1475854019839|864, 1475854021862|759, 1475854023522|606, 1475854025458|582, 1475854027308|514, 1475854028835|462]
publish:testevent:[1475854011247|701, 1475854013318|371, 1475854015282|651, 1475854017497|847, 1475854018977|507, 1475854020644|777, 1475854022545|581, 1475854024496|675, 1475854026489|486, 1475854028214|603]
publish:testevent:[1475854010966|394, 1475854012495|581, 1475854014352|630, 1475854016411|773, 1475854018012|432, 1475854019607|685, 1475854021563|699, 1475854023730|756, 1475854025594|732, 1475854027704|623]
publish:testevent:[1475854011192|608, 1475854013260|752, 1475854015337|666, 1475854016758|381, 1475854017992|637, 1475854020149|710, 1475854022014|578, 1475854023853|635, 1475854026042|706, 1475854027725|674]
publish:testevent:[1475854011191|568, 1475854013372|775, 1475854015380|773, 1475854017172|416, 1475854018639|270, 1475854020504|658, 1475854022623|793, 1475854024405|590, 1475854025980|247, 1475854027833|652]
