###### EXPERIMENT ##########
Experiment Read Only High Concurrency with 2 workloads
	Publisher(54824ms)->Parallel tasks:30,start after 2SECONDS,run 10 times
	Subscriber(54825ms)->Parallel tasks:1,start immediately,run until Publisher ends

and additional parameters:
	Delay after subscribing a single batch of listeners:30
	Number of Unsubscriber threads:0
	Number of batches to process with each publisher:10
	Listener factory:ListenerFactory{1000 instances of SubTestEventListener | 1000 instances of TestEventListener | 1000 instances of AllEventsListener | }
	Delay after unsubscribing a single batch of listeners:100
	Eventbus:Mbassador
	Report base dir:/home/bennidi/Development/workspaces/mbassador/eventbus-performance/results/Read Only High Concurrency/1403638157493/
	Base path:/home/bennidi/Development/workspaces/mbassador/eventbus-performance/results
	Number of publisher threads:30
	Batch size per publisher:1000
	Number of Subscriber threads:1


##### COLLECTORS ########
handlers:subtestevent:[1403638109325|4000, 1403638113895|4000, 1403638118629|4000, 1403638123325|4000, 1403638128442|4000, 1403638133175|4000, 1403638138434|4000, 1403638143069|4000, 1403638148246|4000, 1403638152605|4000]
handlers:subtestevent:[1403638109325|4000, 1403638113895|4000, 1403638118629|4000, 1403638123325|4000, 1403638128442|4000, 1403638133175|4000, 1403638138434|4000, 1403638143069|4000, 1403638148246|4000, 1403638152605|4000]
handlers:subtestevent:[1403638110435|4000, 1403638115237|4000, 1403638120317|4000, 1403638124850|4000, 1403638129567|4000, 1403638133855|4000, 1403638138850|4000, 1403638143684|4000, 1403638148600|4000, 1403638153136|4000]
handlers:subtestevent:[1403638110033|4000, 1403638114391|4000, 1403638119977|4000, 1403638125050|4000, 1403638129822|4000, 1403638134390|4000, 1403638139682|4000, 1403638144324|4000, 1403638149672|4000, 1403638153210|4000]
handlers:subtestevent:[1403638109643|4000, 1403638114181|4000, 1403638118768|4000, 1403638123672|4000, 1403638127928|4000, 1403638132528|4000, 1403638137695|4000, 1403638142129|4000, 1403638146883|4000, 1403638152071|4000]
handlers:subtestevent:[1403638109507|4000, 1403638114196|4000, 1403638118919|4000, 1403638123907|4000, 1403638128513|4000, 1403638133589|4000, 1403638137722|4000, 1403638142261|4000, 1403638146870|4000, 1403638152195|4000]
handlers:subtestevent:[1403638109799|4000, 1403638114667|4000, 1403638119549|4000, 1403638123064|4000, 1403638128004|4000, 1403638132994|4000, 1403638137502|4000, 1403638142101|4000, 1403638146660|4000, 1403638152074|4000]
handlers:subtestevent:[1403638109506|4000, 1403638113993|4000, 1403638118926|4000, 1403638123650|4000, 1403638128478|4000, 1403638133291|4000, 1403638138091|4000, 1403638142551|4000, 1403638147414|4000, 1403638152155|4000]
handlers:subtestevent:[1403638110323|4000, 1403638114848|4000, 1403638119415|4000, 1403638124220|4000, 1403638129393|4000, 1403638133910|4000, 1403638137921|4000, 1403638142683|4000, 1403638147154|4000, 1403638152313|4000]
handlers:subtestevent:[1403638109947|4000, 1403638114571|4000, 1403638119642|4000, 1403638124853|4000, 1403638129857|4000, 1403638134678|4000, 1403638139405|4000, 1403638144613|4000, 1403638149830|4000, 1403638153205|4000]
handlers:subtestevent:[1403638109626|4000, 1403638114564|4000, 1403638119099|4000, 1403638123816|4000, 1403638128442|4000, 1403638133586|4000, 1403638138104|4000, 1403638143321|4000, 1403638147385|4000, 1403638152269|4000]
handlers:subtestevent:[1403638109625|4000, 1403638113952|4000, 1403638118626|4000, 1403638123586|4000, 1403638128701|4000, 1403638133607|4000, 1403638138633|4000, 1403638143267|4000, 1403638148631|4000, 1403638152897|4000]
handlers:subtestevent:[1403638109943|4000, 1403638115108|4000, 1403638119916|4000, 1403638124577|4000, 1403638129501|4000, 1403638134198|4000, 1403638138841|4000, 1403638143115|4000, 1403638149286|4000, 1403638153211|4000]
handlers:subtestevent:[1403638109958|4000, 1403638114965|4000, 1403638119363|4000, 1403638123863|4000, 1403638128415|4000, 1403638132797|4000, 1403638137315|4000, 1403638141807|4000, 1403638146617|4000, 1403638151599|4000]
handlers:subtestevent:[1403638110144|4000, 1403638114578|4000, 1403638119518|4000, 1403638124578|4000, 1403638129591|4000, 1403638134522|4000, 1403638139002|4000, 1403638143713|4000, 1403638148369|4000, 1403638153092|4000]
handlers:subtestevent:[1403638109998|4000, 1403638114646|4000, 1403638119428|4000, 1403638124039|4000, 1403638128511|4000, 1403638133149|4000, 1403638137477|4000, 1403638141326|4000, 1403638146107|4000, 1403638151095|4000]
handlers:subtestevent:[1403638110430|4000, 1403638114989|4000, 1403638119787|4000, 1403638124345|4000, 1403638129242|4000, 1403638134302|4000, 1403638138987|4000, 1403638143867|4000, 1403638149598|4000, 1403638153193|4000]
handlers:subtestevent:[1403638110541|4000, 1403638115215|4000, 1403638119044|4000, 1403638123894|4000, 1403638128515|4000, 1403638132973|4000, 1403638137979|4000, 1403638142505|4000, 1403638146570|4000, 1403638151703|4000]
handlers:subtestevent:[1403638110304|4000, 1403638115189|4000, 1403638120259|4000, 1403638124896|4000, 1403638128777|4000, 1403638133847|4000, 1403638138517|4000, 1403638143341|4000, 1403638147901|4000, 1403638152843|4000]
handlers:subtestevent:[1403638110181|4000, 1403638114660|4000, 1403638119065|4000, 1403638123245|4000, 1403638128073|4000, 1403638133050|4000, 1403638138070|4000, 1403638142865|4000, 1403638147388|4000, 1403638152187|4000]
handlers:subtestevent:[1403638110411|4000, 1403638115578|4000, 1403638120360|4000, 1403638125321|4000, 1403638129345|4000, 1403638133797|4000, 1403638138648|4000, 1403638143342|4000, 1403638148159|4000, 1403638153019|4000]
handlers:subtestevent:[1403638110400|4000, 1403638115025|4000, 1403638119782|4000, 1403638124402|4000, 1403638129192|4000, 1403638134177|4000, 1403638139123|4000, 1403638144381|4000, 1403638149613|4000, 1403638153216|4000]
handlers:subtestevent:[1403638109921|4000, 1403638114677|4000, 1403638119391|4000, 1403638124020|4000, 1403638128575|4000, 1403638133341|4000, 1403638138102|4000, 1403638142971|4000, 1403638148073|4000, 1403638152769|4000]
handlers:subtestevent:[1403638110619|4000, 1403638114994|4000, 1403638119870|4000, 1403638124409|4000, 1403638129784|4000, 1403638134132|4000, 1403638138225|4000, 1403638142947|4000, 1403638147827|4000, 1403638152326|4000]
handlers:subtestevent:[1403638111317|4000, 1403638116239|4000, 1403638121047|4000, 1403638125599|4000, 1403638130396|4000, 1403638135204|4000, 1403638139563|4000, 1403638144753|4000, 1403638150203|4000, 1403638153242|4000]
handlers:subtestevent:[1403638110234|4000, 1403638115204|4000, 1403638119321|4000, 1403638123827|4000, 1403638128857|4000, 1403638133326|4000, 1403638137526|4000, 1403638142325|4000, 1403638146586|4000, 1403638151996|4000]
handlers:subtestevent:[1403638110439|4000, 1403638115168|4000, 1403638120232|4000, 1403638125191|4000, 1403638129994|4000, 1403638134336|4000, 1403638138926|4000, 1403638143790|4000, 1403638148198|4000, 1403638152886|4000]
handlers:subtestevent:[1403638111239|4000, 1403638115948|4000, 1403638120839|4000, 1403638125194|4000, 1403638129679|4000, 1403638135102|4000, 1403638139568|4000, 1403638144276|4000, 1403638149309|4000, 1403638153165|4000]
handlers:subtestevent:[1403638110885|4000, 1403638115710|4000, 1403638120344|4000, 1403638125271|4000, 1403638129527|4000, 1403638134226|4000, 1403638138995|4000, 1403638143897|4000, 1403638148808|4000, 1403638152980|4000]
handlers:subtestevent:[1403638110810|4000, 1403638115603|4000, 1403638120755|4000, 1403638125442|4000, 1403638130256|4000, 1403638133776|4000, 1403638138303|4000, 1403638143021|4000, 1403638147522|4000, 1403638152465|4000]
handlers:subtestevent:[1403638110774|4000, 1403638115886|4000, 1403638120634|4000, 1403638125308|4000, 1403638129515|4000, 1403638134054|4000, 1403638139412|4000, 1403638144112|4000, 1403638149185|4000, 1403638153215|4000]
publish:subtestevent:[1403638109325|9213, 1403638113895|3117, 1403638118629|3046, 1403638123325|3124, 1403638128442|3248, 1403638133175|3328, 1403638138434|3372, 1403638143069|3237, 1403638148246|3351, 1403638152605|2503]
publish:subtestevent:[1403638109325|9213, 1403638113895|3117, 1403638118629|3046, 1403638123325|3124, 1403638128442|3248, 1403638133175|3328, 1403638138434|3372, 1403638143069|3237, 1403638148246|3351, 1403638152605|2503]
publish:subtestevent:[1403638110435|10082, 1403638115237|3342, 1403638120317|3241, 1403638124850|3210, 1403638129567|3254, 1403638133855|2744, 1403638138850|3507, 1403638143684|3078, 1403638148600|3373, 1403638153136|2684]
publish:subtestevent:[1403638110033|5447, 1403638114391|2845, 1403638119977|3577, 1403638125050|3231, 1403638129822|3016, 1403638134390|3066, 1403638139682|3586, 1403638144324|2945, 1403638149672|3619, 1403638153210|1944]
publish:subtestevent:[1403638109643|9302, 1403638114181|3089, 1403638118768|3103, 1403638123672|3400, 1403638127928|2832, 1403638132528|2981, 1403638137695|3668, 1403638142129|2744, 1403638146883|3071, 1403638152071|3245]
publish:subtestevent:[1403638109507|9104, 1403638114196|3061, 1403638118919|3014, 1403638123907|3308, 1403638128513|3063, 1403638133589|3436, 1403638137722|2660, 1403638142261|3056, 1403638146870|3308, 1403638152195|3211]
publish:subtestevent:[1403638109799|9407, 1403638114667|3324, 1403638119549|3191, 1403638123064|2626, 1403638128004|3549, 1403638132994|3320, 1403638137502|2663, 1403638142101|3042, 1403638146660|2966, 1403638152074|3152]
publish:subtestevent:[1403638109506|9162, 1403638113993|2798, 1403638118926|3166, 1403638123650|3032, 1403638128478|3027, 1403638133291|3303, 1403638138091|3299, 1403638142551|2636, 1403638147414|3150, 1403638152155|2700]
publish:subtestevent:[1403638110323|10085, 1403638114848|3075, 1403638119415|3135, 1403638124220|3121, 1403638129393|3371, 1403638133910|2795, 1403638137921|2313, 1403638142683|3276, 1403638147154|3027, 1403638152313|3058]
publish:subtestevent:[1403638109947|9715, 1403638114571|3116, 1403638119642|3304, 1403638124853|3378, 1403638129857|3354, 1403638134678|3216, 1403638139405|3182, 1403638144613|3392, 1403638149830|3494, 1403638153205|1828]
publish:subtestevent:[1403638109626|9534, 1403638114564|3031, 1403638119099|2938, 1403638123816|2883, 1403638128442|3051, 1403638133586|3372, 1403638138104|3094, 1403638143321|3479, 1403638147385|3057, 1403638152269|3206]
publish:subtestevent:[1403638109625|9415, 1403638113952|2941, 1403638118626|3018, 1403638123586|3228, 1403638128701|3419, 1403638133607|3192, 1403638138633|3205, 1403638143267|2973, 1403638148631|3446, 1403638152897|2315]
publish:subtestevent:[1403638109943|7320, 1403638115108|3464, 1403638119916|3210, 1403638124577|3162, 1403638129501|3277, 1403638134198|3281, 1403638138841|2891, 1403638143115|2851, 1403638149286|4210, 1403638153211|2397]
publish:subtestevent:[1403638109958|3716, 1403638114965|3229, 1403638119363|2876, 1403638123863|2949, 1403638128415|3073, 1403638132797|2832, 1403638137315|2910, 1403638141807|2829, 1403638146617|3331, 1403638151599|2924]
publish:subtestevent:[1403638110144|3879, 1403638114578|2930, 1403638119518|3305, 1403638124578|3433, 1403638129591|3414, 1403638134522|3222, 1403638139002|2995, 1403638143713|3123, 1403638148369|3099, 1403638153092|2626]
publish:subtestevent:[1403638109998|9770, 1403638114646|3039, 1403638119428|3281, 1403638124039|2936, 1403638128511|2928, 1403638133149|3068, 1403638137477|2970, 1403638141326|2313, 1403638146107|3321, 1403638151095|3588]
publish:subtestevent:[1403638110430|7462, 1403638114989|3052, 1403638119787|3055, 1403638124345|2984, 1403638129242|2924, 1403638134302|3431, 1403638138987|3026, 1403638143867|3211, 1403638149598|3606, 1403638153193|2318]
publish:subtestevent:[1403638110541|3793, 1403638115215|2992, 1403638119044|3060, 1403638123894|3154, 1403638128515|3228, 1403638132973|3192, 1403638137979|3576, 1403638142505|3033, 1403638146570|2698, 1403638151703|3765]
publish:subtestevent:[1403638110304|3624, 1403638115189|3235, 1403638120259|3414, 1403638124896|3137, 1403638128777|2334, 1403638133847|3250, 1403638138517|3112, 1403638143341|3134, 1403638147901|2913, 1403638152843|2711]
publish:subtestevent:[1403638110181|3661, 1403638114660|2836, 1403638119065|2812, 1403638123245|2869, 1403638128073|3317, 1403638133050|3242, 1403638138070|3431, 1403638142865|3174, 1403638147388|2976, 1403638152187|2891]
publish:subtestevent:[1403638110411|3645, 1403638115578|3368, 1403638120360|3128, 1403638125321|3362, 1403638129345|2779, 1403638133797|3017, 1403638138648|3132, 1403638143342|3175, 1403638148159|2928, 1403638153019|2482]
publish:subtestevent:[1403638110400|3328, 1403638115025|2984, 1403638119782|3180, 1403638124402|2992, 1403638129192|2929, 1403638134177|3499, 1403638139123|3364, 1403638144381|3538, 1403638149613|3614, 1403638153216|1916]
publish:subtestevent:[1403638109921|3069, 1403638114677|3155, 1403638119391|2962, 1403638124020|3122, 1403638128575|3009, 1403638133341|3256, 1403638138102|3235, 1403638142971|3117, 1403638148073|3334, 1403638152769|2348]
publish:subtestevent:[1403638110619|3532, 1403638114994|2804, 1403638119870|3122, 1403638124409|3013, 1403638129784|3644, 1403638134132|2713, 1403638138225|2574, 1403638142947|3097, 1403638147827|3428, 1403638152326|2485]
publish:subtestevent:[1403638111317|4107, 1403638116239|3415, 1403638121047|3458, 1403638125599|3127, 1403638130396|3330, 1403638135204|3195, 1403638139563|2866, 1403638144753|3483, 1403638150203|3627, 1403638153242|1505]
publish:subtestevent:[1403638110234|2991, 1403638115204|3026, 1403638119321|2651, 1403638123827|3010, 1403638128857|3410, 1403638133326|2908, 1403638137526|3067, 1403638142325|3260, 1403638146586|2793, 1403638151996|3791]
publish:subtestevent:[1403638110439|2971, 1403638115168|3251, 1403638120232|3535, 1403638125191|3235, 1403638129994|2911, 1403638134336|2911, 1403638138926|3206, 1403638143790|3228, 1403638148198|3066, 1403638152886|2556]
publish:subtestevent:[1403638111239|3789, 1403638115948|2986, 1403638120839|3292, 1403638125194|3008, 1403638129679|2887, 1403638135102|3560, 1403638139568|2727, 1403638144276|3446, 1403638149309|3528, 1403638153165|2212]
publish:subtestevent:[1403638110885|3690, 1403638115710|3246, 1403638120344|3109, 1403638125271|3307, 1403638129527|2799, 1403638134226|3124, 1403638138995|3126, 1403638143897|2971, 1403638148808|3367, 1403638152980|2440]
publish:subtestevent:[1403638110810|2957, 1403638115603|2919, 1403638120755|3148, 1403638125442|3196, 1403638130256|3079, 1403638133776|2783, 1403638138303|2846, 1403638143021|3088, 1403638147522|2855, 1403638152465|3087]
publish:subtestevent:[1403638110774|3220, 1403638115886|3429, 1403638120634|3046, 1403638125308|3242, 1403638129515|2503, 1403638134054|2975, 1403638139412|3581, 1403638144112|2971, 1403638149185|3909, 1403638153215|2375]
subscribe:[1403638100372|1076, 1403638100434|32, 1403638100486|17, 1403638100519|2, 1403638100582|2, 1403638100653|39, 1403638100686|3, 1403638100719|2, 1403638100826|58, 1403638100860|3, 1403638100932|42, 1403638100966|4, 1403638101050|46, 1403638101087|3, 1403638101270|33, 1403638101303|2, 1403638101377|37, 1403638101649|21]
subscribe:[1403638100372|1076, 1403638100434|32, 1403638100486|17, 1403638100519|2, 1403638100582|2, 1403638100653|39, 1403638100686|3, 1403638100719|2, 1403638100826|58, 1403638100860|3, 1403638100932|42, 1403638100966|4, 1403638101050|46, 1403638101087|3, 1403638101270|33, 1403638101303|2, 1403638101377|37, 1403638101649|21]
publish:testevent:[1403638104586|5290, 1403638111546|1399, 1403638116400|2009, 1403638121819|1827, 1403638126806|1755, 1403638131324|1502, 1403638136096|1706, 1403638141379|1697, 1403638146053|1729, 1403638151266|1594]
publish:testevent:[1403638104586|5290, 1403638111546|1399, 1403638116400|2009, 1403638121819|1827, 1403638126806|1755, 1403638131324|1502, 1403638136096|1706, 1403638141379|1697, 1403638146053|1729, 1403638151266|1594]
publish:testevent:[1403638100112|817, 1403638110778|1453, 1403638115583|1688, 1403638120201|1572, 1403638125194|1869, 1403638129847|1405, 1403638135062|1887, 1403638139832|1398, 1403638144895|1826, 1403638150102|1856]
publish:testevent:[1403638100353|1058, 1403638111895|1421, 1403638117076|1838, 1403638121640|1323, 1403638126313|1463, 1403638131111|1544, 1403638135343|1488, 1403638140606|1756, 1403638145227|1543, 1403638150452|1851]
publish:testevent:[1403638100341|1046, 1403638111092|1449, 1403638115665|1484, 1403638120272|1504, 1403638125096|1424, 1403638129547|1619, 1403638134027|1499, 1403638139385|1690, 1403638143812|1683, 1403638148826|1943]
publish:testevent:[1403638100403|1104, 1403638111135|1628, 1403638115905|1708, 1403638120599|1679, 1403638125450|1543, 1403638130153|1556, 1403638135062|1473, 1403638139205|1483, 1403638143562|1301, 1403638148984|2114]
publish:testevent:[1403638100392|1092, 1403638111343|1544, 1403638116358|1691, 1403638120438|888, 1403638124455|1391, 1403638129674|1669, 1403638134839|1845, 1403638139059|1557, 1403638143694|1593, 1403638148921|2260]
publish:testevent:[1403638100344|1044, 1403638111195|1689, 1403638115760|1767, 1403638120618|1645, 1403638125451|1801, 1403638129988|1510, 1403638134792|1501, 1403638139915|1824, 1403638144264|1713, 1403638149455|2041]
publish:testevent:[1403638100238|938, 1403638111773|1447, 1403638116280|1432, 1403638121099|1684, 1403638126022|1802, 1403638131115|1722, 1403638135608|1698, 1403638139407|1486, 1403638144127|1444, 1403638149255|2101]
publish:testevent:[1403638100232|931, 1403638111455|1296, 1403638116338|1767, 1403638121475|1832, 1403638126503|1650, 1403638131462|1605, 1403638136223|1545, 1403638141221|1816, 1403638146336|1723, 1403638151377|1547]
publish:testevent:[1403638100091|788, 1403638111533|1907, 1403638116161|1597, 1403638120933|1834, 1403638125391|1575, 1403638130214|1772, 1403638135010|1424, 1403638139842|1738, 1403638144328|1007, 1403638149063|1678]
publish:testevent:[1403638100210|905, 1403638111011|1386, 1403638115608|1656, 1403638120358|1732, 1403638125282|1695, 1403638130415|1714, 1403638135428|1821, 1403638140294|1661, 1403638145185|1918, 1403638150582|1951]
publish:testevent:[1403638102623|3314, 1403638111644|1605, 1403638116706|1598, 1403638121415|1468, 1403638126224|1647, 1403638130917|1416, 1403638135950|1752, 1403638140264|1423, 1403638145076|1961, 1403638150814|1479]
publish:testevent:[1403638106242|6908, 1403638111736|1580, 1403638116487|1522, 1403638120914|1551, 1403638125342|1478, 1403638129965|1550, 1403638134405|1608, 1403638138978|1619, 1403638143286|1479, 1403638148675|2058]
publish:testevent:[1403638106265|6919, 1403638111648|1472, 1403638116213|1635, 1403638121145|1627, 1403638126177|1599, 1403638131300|1657, 1403638136007|1485, 1403638140590|1562, 1403638145270|1557, 1403638150466|2096]
publish:testevent:[1403638100228|875, 1403638111607|1456, 1403638116147|1501, 1403638121103|1674, 1403638125583|1544, 1403638130081|1553, 1403638134507|1358, 1403638139013|1535, 1403638142786|1460, 1403638147507|1400]
publish:testevent:[1403638102968|3560, 1403638111937|1463, 1403638116732|1743, 1403638121361|1438, 1403638126238|1893, 1403638130871|1629, 1403638135961|1659, 1403638140656|1633, 1403638145992|2125, 1403638150875|1277]
publish:testevent:[1403638106748|7304, 1403638112223|1682, 1403638115984|735, 1403638120740|1695, 1403638125287|1392, 1403638129781|1253, 1403638134403|1430, 1403638139472|1493, 1403638143872|1367, 1403638147938|1329]
publish:testevent:[1403638106680|7212, 1403638111954|1650, 1403638116845|1656, 1403638121759|1500, 1403638126443|1547, 1403638130597|1820, 1403638135405|1557, 1403638140207|1690, 1403638144988|1647, 1403638150132|2231]
publish:testevent:[1403638106520|7044, 1403638111824|1643, 1403638116253|1592, 1403638120376|1311, 1403638124756|1510, 1403638129808|1735, 1403638134639|1589, 1403638139691|1621, 1403638144412|1547, 1403638149296|1907]
publish:testevent:[1403638106766|7190, 1403638112210|1762, 1403638117232|1654, 1403638121959|1599, 1403638126566|1244, 1403638130780|1435, 1403638135516|1719, 1403638140167|1519, 1403638145231|1889, 1403638150537|2377]
publish:testevent:[1403638107072|7478, 1403638112041|1641, 1403638116602|1577, 1403638121410|1599, 1403638126263|1861, 1403638130678|1486, 1403638135759|1582, 1403638140843|1720, 1403638145999|1524, 1403638151300|1687]
publish:testevent:[1403638106852|7216, 1403638111522|1592, 1403638116429|1752, 1403638120898|1507, 1403638125566|1546, 1403638130085|1484, 1403638134867|1526, 1403638139854|1752, 1403638144739|1768, 1403638150421|2348]
publish:testevent:[1403638107087|7431, 1403638112190|1496, 1403638116748|1754, 1403638121396|1451, 1403638126140|1730, 1403638131419|1635, 1403638135651|1519, 1403638139850|1624, 1403638144399|1451, 1403638149841|2013]
publish:testevent:[1403638107210|7518, 1403638112824|1507, 1403638117589|1350, 1403638122472|1425, 1403638127066|1467, 1403638132009|1613, 1403638136697|1493, 1403638141270|1706, 1403638146575|1822, 1403638151737|1534]
publish:testevent:[1403638107243|7527, 1403638112178|1944, 1403638116670|1466, 1403638120817|1496, 1403638125447|1620, 1403638130418|1561, 1403638134459|1133, 1403638139065|1539, 1403638143793|1468, 1403638148204|1581]
publish:testevent:[1403638107468|7728, 1403638111917|1413, 1403638116697|1529, 1403638121956|1724, 1403638127083|1864, 1403638131425|1431, 1403638135720|1384, 1403638140562|1636, 1403638145132|1342, 1403638150330|2132]
publish:testevent:[1403638107450|7676, 1403638112962|1723, 1403638117547|1598, 1403638122186|1347, 1403638126792|1570, 1403638131542|1862, 1403638136841|1739, 1403638140830|1262, 1403638145781|1505, 1403638150953|1643]
publish:testevent:[1403638107195|7325, 1403638112464|1579, 1403638117235|1525, 1403638121964|1620, 1403638126728|1457, 1403638131102|1575, 1403638135869|1643, 1403638140926|1891, 1403638145441|1544, 1403638150540|1732]
publish:testevent:[1403638107853|7865, 1403638112684|1874, 1403638117607|2003, 1403638122246|1491, 1403638127177|1735, 1403638130993|737, 1403638135457|1681, 1403638139933|1630, 1403638144667|1646, 1403638149378|1856]
publish:testevent:[1403638107554|7429, 1403638112457|1683, 1403638117588|1702, 1403638122066|1432, 1403638127012|1704, 1403638131079|1563, 1403638135831|1777, 1403638141141|1729, 1403638145276|1164, 1403638150840|1655]
handlers:testevent:[1403638104586|2000, 1403638111546|2000, 1403638116400|2000, 1403638121819|2000, 1403638126806|2000, 1403638131324|2000, 1403638136096|2000, 1403638141379|2000, 1403638146053|2000, 1403638151266|2000]
handlers:testevent:[1403638104586|2000, 1403638111546|2000, 1403638116400|2000, 1403638121819|2000, 1403638126806|2000, 1403638131324|2000, 1403638136096|2000, 1403638141379|2000, 1403638146053|2000, 1403638151266|2000]
handlers:testevent:[1403638100112|0, 1403638110778|2000, 1403638115583|2000, 1403638120201|2000, 1403638125194|2000, 1403638129847|2000, 1403638135062|2000, 1403638139832|2000, 1403638144895|2000, 1403638150102|2000]
handlers:testevent:[1403638100353|0, 1403638111895|2000, 1403638117076|2000, 1403638121640|2000, 1403638126313|2000, 1403638131111|2000, 1403638135343|2000, 1403638140606|2000, 1403638145227|2000, 1403638150452|2000]
handlers:testevent:[1403638100341|0, 1403638111092|2000, 1403638115665|2000, 1403638120272|2000, 1403638125096|2000, 1403638129547|2000, 1403638134027|2000, 1403638139385|2000, 1403638143812|2000, 1403638148826|2000]
handlers:testevent:[1403638100403|0, 1403638111135|2000, 1403638115905|2000, 1403638120599|2000, 1403638125450|2000, 1403638130153|2000, 1403638135062|2000, 1403638139205|2000, 1403638143562|2000, 1403638148984|2000]
handlers:testevent:[1403638100392|145, 1403638111343|2000, 1403638116358|2000, 1403638120438|2000, 1403638124455|2000, 1403638129674|2000, 1403638134839|2000, 1403638139059|2000, 1403638143694|2000, 1403638148922|2000]
handlers:testevent:[1403638100344|0, 1403638111195|2000, 1403638115760|2000, 1403638120618|2000, 1403638125451|2000, 1403638129988|2000, 1403638134792|2000, 1403638139915|2000, 1403638144264|2000, 1403638149455|2000]
handlers:testevent:[1403638100238|0, 1403638111773|2000, 1403638116280|2000, 1403638121099|2000, 1403638126022|2000, 1403638131115|2000, 1403638135608|2000, 1403638139407|2000, 1403638144127|2000, 1403638149255|2000]
handlers:testevent:[1403638100232|0, 1403638111455|2000, 1403638116338|2000, 1403638121475|2000, 1403638126503|2000, 1403638131462|2000, 1403638136223|2000, 1403638141221|2000, 1403638146336|2000, 1403638151377|2000]
handlers:testevent:[1403638100092|0, 1403638111533|2000, 1403638116161|2000, 1403638120933|2000, 1403638125391|2000, 1403638130214|2000, 1403638135010|2000, 1403638139842|2000, 1403638144328|2000, 1403638149063|2000]
handlers:testevent:[1403638100210|0, 1403638111011|2000, 1403638115608|2000, 1403638120358|2000, 1403638125282|2000, 1403638130415|2000, 1403638135428|2000, 1403638140294|2000, 1403638145185|2000, 1403638150582|2000]
handlers:testevent:[1403638102623|2000, 1403638111644|2000, 1403638116706|2000, 1403638121415|2000, 1403638126224|2000, 1403638130917|2000, 1403638135950|2000, 1403638140264|2000, 1403638145076|2000, 1403638150814|2000]
handlers:testevent:[1403638106242|2000, 1403638111736|2000, 1403638116487|2000, 1403638120914|2000, 1403638125342|2000, 1403638129965|2000, 1403638134405|2000, 1403638138978|2000, 1403638143286|2000, 1403638148675|2000]
handlers:testevent:[1403638106265|2000, 1403638111648|2000, 1403638116213|2000, 1403638121145|2000, 1403638126177|2000, 1403638131300|2000, 1403638136007|2000, 1403638140590|2000, 1403638145270|2000, 1403638150466|2000]
handlers:testevent:[1403638100228|0, 1403638111607|2000, 1403638116147|2000, 1403638121103|2000, 1403638125583|2000, 1403638130081|2000, 1403638134507|2000, 1403638139013|2000, 1403638142786|2000, 1403638147507|2000]
handlers:testevent:[1403638102968|2000, 1403638111937|2000, 1403638116732|2000, 1403638121361|2000, 1403638126238|2000, 1403638130871|2000, 1403638135961|2000, 1403638140656|2000, 1403638145992|2000, 1403638150875|2000]
handlers:testevent:[1403638106748|2000, 1403638112223|2000, 1403638115984|2000, 1403638120740|2000, 1403638125287|2000, 1403638129781|2000, 1403638134403|2000, 1403638139472|2000, 1403638143872|2000, 1403638147938|2000]
handlers:testevent:[1403638106680|2000, 1403638111954|2000, 1403638116845|2000, 1403638121759|2000, 1403638126443|2000, 1403638130597|2000, 1403638135405|2000, 1403638140207|2000, 1403638144988|2000, 1403638150132|2000]
handlers:testevent:[1403638106520|2000, 1403638111824|2000, 1403638116253|2000, 1403638120376|2000, 1403638124756|2000, 1403638129808|2000, 1403638134639|2000, 1403638139691|2000, 1403638144412|2000, 1403638149296|2000]
handlers:testevent:[1403638106766|2000, 1403638112210|2000, 1403638117232|2000, 1403638121959|2000, 1403638126566|2000, 1403638130780|2000, 1403638135516|2000, 1403638140167|2000, 1403638145231|2000, 1403638150537|2000]
handlers:testevent:[1403638107072|2000, 1403638112041|2000, 1403638116602|2000, 1403638121410|2000, 1403638126263|2000, 1403638130678|2000, 1403638135759|2000, 1403638140843|2000, 1403638145999|2000, 1403638151300|2000]
handlers:testevent:[1403638106852|2000, 1403638111522|2000, 1403638116429|2000, 1403638120898|2000, 1403638125566|2000, 1403638130085|2000, 1403638134867|2000, 1403638139854|2000, 1403638144739|2000, 1403638150421|2000]
handlers:testevent:[1403638107087|2000, 1403638112190|2000, 1403638116748|2000, 1403638121396|2000, 1403638126140|2000, 1403638131419|2000, 1403638135651|2000, 1403638139850|2000, 1403638144399|2000, 1403638149841|2000]
handlers:testevent:[1403638107210|2000, 1403638112824|2000, 1403638117589|2000, 1403638122472|2000, 1403638127066|2000, 1403638132009|2000, 1403638136697|2000, 1403638141270|2000, 1403638146575|2000, 1403638151737|2000]
handlers:testevent:[1403638107243|2000, 1403638112178|2000, 1403638116670|2000, 1403638120817|2000, 1403638125447|2000, 1403638130418|2000, 1403638134459|2000, 1403638139065|2000, 1403638143793|2000, 1403638148205|2000]
handlers:testevent:[1403638107468|2000, 1403638111917|2000, 1403638116697|2000, 1403638121956|2000, 1403638127083|2000, 1403638131425|2000, 1403638135720|2000, 1403638140562|2000, 1403638145132|2000, 1403638150330|2000]
handlers:testevent:[1403638107450|2000, 1403638112962|2000, 1403638117547|2000, 1403638122186|2000, 1403638126792|2000, 1403638131542|2000, 1403638136841|2000, 1403638140830|2000, 1403638145781|2000, 1403638150953|2000]
handlers:testevent:[1403638107195|2000, 1403638112464|2000, 1403638117235|2000, 1403638121964|2000, 1403638126728|2000, 1403638131102|2000, 1403638135869|2000, 1403638140926|2000, 1403638145441|2000, 1403638150540|2000]
handlers:testevent:[1403638107853|2000, 1403638112684|2000, 1403638117607|2000, 1403638122246|2000, 1403638127177|2000, 1403638130993|2000, 1403638135457|2000, 1403638139933|2000, 1403638144667|2000, 1403638149378|2000]
handlers:testevent:[1403638107554|2000, 1403638112457|2000, 1403638117588|2000, 1403638122066|2000, 1403638127012|2000, 1403638131079|2000, 1403638135831|2000, 1403638141141|2000, 1403638145276|2000, 1403638150840|2000]
