###### EXPERIMENT ##########
Experiment Read Only High Concurrency with 2 workloads
	Initializer(16002ms)->Parallel tasks:1,start immediately,run 1 times
	Publisher(6374ms)->Parallel tasks:30,start after workload Initializer,run 10 times

and additional parameters:
	Base path:/ext/dev/workspace/eventbus-performance/results
	Report base dir:/ext/dev/workspace/eventbus-performance/results/Read Only High Concurrency/1475854059862/
	Delay after unsubscribing a single batch of listeners:0
	Batch size per publisher:1000
	Number of publisher threads:30
	Delay after subscribing a single batch of listeners:0
	Number of Unsubscriber threads:0
	Listener factory:ListenerFactory{1000 instances of SubTestEventListener | 1000 instances of AllEventsListener | 1000 instances of TestEventListener | }
	Number of batches to process with each publisher:10
	Eventbus:Mbassador
	Number of Subscriber threads:0


##### COLLECTORS ########
handlers:testevent:[1475854050046|563, 1475854050741|563, 1475854051314|563, 1475854051907|563, 1475854052271|563, 1475854052759|563, 1475854053449|563, 1475854054160|563, 1475854054824|563, 1475854055210|563]
handlers:testevent:[1475854050046|563, 1475854050741|563, 1475854051314|563, 1475854051907|563, 1475854052271|563, 1475854052759|563, 1475854053449|563, 1475854054160|563, 1475854054824|563, 1475854055210|563]
handlers:testevent:[1475854050226|563, 1475854050783|563, 1475854051371|563, 1475854051913|563, 1475854052665|563, 1475854053195|563, 1475854053782|563, 1475854054275|563, 1475854054696|563, 1475854055208|563]
handlers:testevent:[1475854050432|563, 1475854050867|563, 1475854051464|563, 1475854051859|563, 1475854052448|563, 1475854053017|563, 1475854053524|563, 1475854054218|563, 1475854054756|563, 1475854055234|563]
handlers:testevent:[1475854050241|563, 1475854050528|563, 1475854050963|563, 1475854051597|563, 1475854052066|563, 1475854052620|563, 1475854053142|563, 1475854053659|563, 1475854054368|563, 1475854054897|563]
handlers:testevent:[1475854050136|563, 1475854051101|563, 1475854051931|563, 1475854052666|563, 1475854053229|563, 1475854053855|563, 1475854054356|563, 1475854054856|563, 1475854055283|563, 1475854055434|563]
handlers:testevent:[1475854050311|563, 1475854050982|563, 1475854051195|563, 1475854051611|563, 1475854052273|563, 1475854052844|563, 1475854053254|563, 1475854053896|563, 1475854054253|563, 1475854054799|563]
handlers:testevent:[1475854050149|563, 1475854050846|563, 1475854051184|563, 1475854051244|563, 1475854051562|563, 1475854052110|563, 1475854052745|563, 1475854053309|563, 1475854053964|563, 1475854054255|563]
handlers:testevent:[1475854050453|563, 1475854050693|563, 1475854051097|563, 1475854051610|563, 1475854052289|563, 1475854052621|563, 1475854053142|563, 1475854053717|563, 1475854054386|563, 1475854054604|563]
handlers:testevent:[1475854050177|563, 1475854050428|563, 1475854050919|563, 1475854051574|563, 1475854052154|563, 1475854052782|563, 1475854052891|563, 1475854053468|563, 1475854054041|563, 1475854054685|563]
handlers:testevent:[1475854050328|563, 1475854050793|563, 1475854051195|563, 1475854052026|563, 1475854052512|563, 1475854053181|563, 1475854053932|563, 1475854054468|563, 1475854054900|563, 1475854055265|563]
handlers:testevent:[1475854050205|563, 1475854051048|563, 1475854051786|563, 1475854052415|563, 1475854052948|563, 1475854053593|563, 1475854054141|563, 1475854054690|563, 1475854055171|563, 1475854055350|563]
handlers:testevent:[1475854050149|563, 1475854050813|563, 1475854051306|563, 1475854051904|563, 1475854052484|563, 1475854053172|563, 1475854053698|563, 1475854054304|563, 1475854054863|563, 1475854055086|563]
handlers:testevent:[1475854050175|563, 1475854050425|563, 1475854050855|563, 1475854051121|563, 1475854051470|563, 1475854052105|563, 1475854052631|563, 1475854053020|563, 1475854053484|563, 1475854054089|563]
handlers:testevent:[1475854050150|563, 1475854050906|563, 1475854051647|563, 1475854052232|563, 1475854052864|563, 1475854053361|563, 1475854053944|563, 1475854054587|563, 1475854055075|563, 1475854055302|563]
handlers:testevent:[1475854050191|563, 1475854050398|563, 1475854050872|563, 1475854051528|563, 1475854051952|563, 1475854052012|563, 1475854052529|563, 1475854053186|563, 1475854053929|563, 1475854054453|563]
handlers:testevent:[1475854049977|563, 1475854050228|563, 1475854050817|563, 1475854051454|563, 1475854052188|563, 1475854052780|563, 1475854053349|563, 1475854053973|563, 1475854054444|563, 1475854055025|563]
handlers:testevent:[1475854050010|563, 1475854050766|563, 1475854051325|563, 1475854051845|563, 1475854052397|563, 1475854053078|563, 1475854053346|563, 1475854053666|563, 1475854054241|563, 1475854054801|563]
handlers:testevent:[1475854050022|563, 1475854050943|563, 1475854051440|563, 1475854052006|563, 1475854052711|563, 1475854053169|563, 1475854053607|563, 1475854054146|563, 1475854054416|563, 1475854054938|563]
handlers:testevent:[1475854050001|563, 1475854050476|563, 1475854051137|563, 1475854051816|563, 1475854052412|563, 1475854052875|563, 1475854053490|563, 1475854054109|563, 1475854054669|563, 1475854055147|563]
handlers:testevent:[1475854050055|563, 1475854050502|563, 1475854051006|563, 1475854051699|563, 1475854052283|563, 1475854052733|563, 1475854053289|563, 1475854053744|563, 1475854054400|563, 1475854054892|563]
handlers:testevent:[1475854050040|563, 1475854050851|563, 1475854051383|563, 1475854051823|563, 1475854052538|563, 1475854053211|563, 1475854053902|563, 1475854054423|563, 1475854054699|563, 1475854055147|563]
handlers:testevent:[1475854050036|563, 1475854050487|563, 1475854051061|563, 1475854051560|563, 1475854052040|563, 1475854052568|563, 1475854053224|563, 1475854053926|563, 1475854054507|563, 1475854055111|563]
handlers:testevent:[1475854050024|563, 1475854050723|563, 1475854051323|563, 1475854051390|563, 1475854051616|563, 1475854052136|563, 1475854052711|563, 1475854053243|563, 1475854053849|563, 1475854054427|563]
handlers:testevent:[1475854050019|563, 1475854050751|563, 1475854051289|563, 1475854051778|563, 1475854052218|563, 1475854052734|563, 1475854053289|563, 1475854054021|563, 1475854054479|563, 1475854054848|563]
handlers:testevent:[1475854049946|563, 1475854050537|563, 1475854051098|563, 1475854051790|563, 1475854052122|563, 1475854052573|563, 1475854053267|563, 1475854053907|563, 1475854054259|563, 1475854054823|563]
handlers:testevent:[1475854050015|563, 1475854050715|563, 1475854051336|563, 1475854051865|563, 1475854052375|563, 1475854052434|563, 1475854052602|563, 1475854053172|563, 1475854053803|563, 1475854054189|563]
handlers:testevent:[1475854050160|563, 1475854050759|563, 1475854051417|563, 1475854051705|563, 1475854051793|563, 1475854052435|563, 1475854053087|563, 1475854053575|563, 1475854054133|563, 1475854054523|563]
handlers:testevent:[1475854050276|563, 1475854050781|563, 1475854051386|563, 1475854052078|563, 1475854052599|563, 1475854053091|563, 1475854053706|563, 1475854054272|563, 1475854054583|563, 1475854054917|563]
handlers:testevent:[1475854050240|563, 1475854050595|563, 1475854051114|563, 1475854051897|563, 1475854052510|563, 1475854053218|563, 1475854053884|563, 1475854054600|563, 1475854055062|563, 1475854055330|563]
handlers:testevent:[1475854050589|563, 1475854050985|563, 1475854051520|563, 1475854052072|563, 1475854052751|563, 1475854053032|563, 1475854053604|563, 1475854054106|563, 1475854054715|563, 1475854055110|563]
publish:subtestevent:[1475854050494|448, 1475854051090|349, 1475854051614|300, 1475854052156|249, 1475854052543|272, 1475854053146|387, 1475854053785|336, 1475854054656|496, 1475854055101|277, 1475854055372|162]
publish:subtestevent:[1475854050494|448, 1475854051090|349, 1475854051614|300, 1475854052156|249, 1475854052543|272, 1475854053146|387, 1475854053785|336, 1475854054656|496, 1475854055101|277, 1475854055372|162]
publish:subtestevent:[1475854050542|316, 1475854051115|332, 1475854051736|365, 1475854052477|564, 1475854052992|327, 1475854053632|437, 1475854054130|348, 1475854054599|324, 1475854055029|333, 1475854055361|153]
publish:subtestevent:[1475854050693|261, 1475854051185|318, 1475854051792|328, 1475854052200|341, 1475854052888|440, 1475854053344|327, 1475854054059|535, 1475854054628|410, 1475854055118|362, 1475854055403|169]
publish:subtestevent:[1475854050482|241, 1475854050762|234, 1475854051400|437, 1475854051872|275, 1475854052424|358, 1475854052959|339, 1475854053578|436, 1475854054186|527, 1475854054714|346, 1475854055063|166]
publish:subtestevent:[1475854050833|697, 1475854051644|543, 1475854052481|550, 1475854053049|383, 1475854053685|456, 1475854054176|321, 1475854054695|339, 1475854055159|303, 1475854055413|130, 1475854055482|48]
publish:subtestevent:[1475854050776|465, 1475854051030|48, 1475854051354|159, 1475854052104|493, 1475854052661|388, 1475854053045|201, 1475854053729|475, 1475854054180|284, 1475854054642|389, 1475854055094|295]
publish:subtestevent:[1475854050666|517, 1475854051165|319, 1475854051224|40, 1475854051308|64, 1475854051883|321, 1475854052529|419, 1475854053135|390, 1475854053744|435, 1475854054127|163, 1475854054541|286]
publish:subtestevent:[1475854050673|220, 1475854050889|196, 1475854051461|364, 1475854051992|382, 1475854052546|257, 1475854053013|392, 1475854053499|357, 1475854054125|408, 1475854054425|39, 1475854054920|316]
publish:subtestevent:[1475854050412|235, 1475854050744|316, 1475854051307|388, 1475854051954|380, 1475854052556|402, 1475854052871|89, 1475854053247|356, 1475854053837|369, 1475854054445|404, 1475854055034|349]
publish:subtestevent:[1475854050566|238, 1475854051055|262, 1475854051792|597, 1475854052395|369, 1475854052832|320, 1475854053563|382, 1475854054274|342, 1475854054847|379, 1475854055173|273, 1475854055427|162]
publish:subtestevent:[1475854050738|533, 1475854051566|518, 1475854052178|392, 1475854052859|444, 1475854053342|394, 1475854053896|303, 1475854054566|425, 1475854054987|297, 1475854055331|160, 1475854055472|122]
publish:subtestevent:[1475854050617|468, 1475854051134|321, 1475854051669|363, 1475854052280|376, 1475854052907|423, 1475854053516|344, 1475854054127|429, 1475854054636|332, 1475854054925|62, 1475854055316|230]
publish:subtestevent:[1475854050369|194, 1475854050687|262, 1475854051009|154, 1475854051333|212, 1475854051943|473, 1475854052478|373, 1475854052857|226, 1475854053175|155, 1475854053838|354, 1475854054425|336]
publish:subtestevent:[1475854050739|589, 1475854051398|492, 1475854052109|462, 1475854052711|479, 1475854053240|376, 1475854053711|350, 1475854054396|452, 1475854054937|350, 1475854055235|160, 1475854055466|164]
publish:subtestevent:[1475854050321|130, 1475854050657|259, 1475854051312|440, 1475854051831|303, 1475854051991|39, 1475854052368|356, 1475854052979|450, 1475854053650|464, 1475854054222|293, 1475854054911|458]
publish:subtestevent:[1475854050181|204, 1475854050599|371, 1475854051234|417, 1475854051911|457, 1475854052571|383, 1475854053187|407, 1475854053761|412, 1475854054261|288, 1475854054864|420, 1475854055291|266]
publish:subtestevent:[1475854050562|552, 1475854051177|411, 1475854051639|314, 1475854052193|348, 1475854052785|388, 1475854053325|247, 1475854053448|102, 1475854053962|296, 1475854054546|305, 1475854055033|232]
publish:subtestevent:[1475854050721|699, 1475854051264|321, 1475854051892|452, 1475854052432|426, 1475854053106|395, 1475854053490|321, 1475854053956|349, 1475854054232|86, 1475854054820|404, 1475854055239|301]
publish:subtestevent:[1475854050347|346, 1475854050914|438, 1475854051639|502, 1475854052107|291, 1475854052790|378, 1475854053270|395, 1475854053899|409, 1475854054560|451, 1475854054984|315, 1475854055322|175]
publish:subtestevent:[1475854050296|241, 1475854050856|354, 1475854051372|366, 1475854052127|428, 1475854052713|430, 1475854053057|324, 1475854053594|305, 1475854054166|422, 1475854054766|366, 1475854055186|294]
publish:subtestevent:[1475854050531|507, 1475854051160|437, 1475854051365|42, 1475854051450|60, 1475854051981|365, 1475854052568|432, 1475854053067|356, 1475854053685|442, 1475854054228|379, 1475854054689|262]
publish:subtestevent:[1475854050335|316, 1475854051087|336, 1475854051593|304, 1475854052057|279, 1475854052556|338, 1475854053171|437, 1475854053791|502, 1475854054289|268, 1475854054731|252, 1475854055196|348]
publish:subtestevent:[1475854050330|294, 1475854050774|287, 1475854051403|342, 1475854051894|334, 1475854052264|224, 1475854053088|520, 1475854053678|454, 1475854054344|418, 1475854054927|420, 1475854055311|200]
publish:subtestevent:[1475854050575|535, 1475854051248|397, 1475854051675|292, 1475854052362|539, 1475854052955|417, 1475854053746|535, 1475854054311|409, 1475854054572|149, 1475854055018|319, 1475854055282|135]
publish:subtestevent:[1475854050441|495, 1475854050948|411, 1475854051558|460, 1475854052097|307, 1475854052388|266, 1475854053048|475, 1475854053661|394, 1475854054155|248, 1475854054660|401, 1475854055117|294]
publish:subtestevent:[1475854050606|591, 1475854051062|347, 1475854051815|479, 1475854052341|476, 1475854052414|39, 1475854052550|116, 1475854052945|343, 1475854053693|521, 1475854054041|238, 1475854054633|444]
publish:subtestevent:[1475854050544|384, 1475854051211|452, 1475854051683|266, 1475854051748|43, 1475854052157|364, 1475854052903|468, 1475854053405|318, 1475854054002|427, 1475854054387|254, 1475854054827|304]
publish:subtestevent:[1475854050541|265, 1475854051098|317, 1475854051904|518, 1475854052408|330, 1475854052915|316, 1475854053410|319, 1475854054075|369, 1475854054564|292, 1475854054736|153, 1475854055132|215]
publish:subtestevent:[1475854050295|55, 1475854050901|306, 1475854051669|555, 1475854052278|381, 1475854052971|461, 1475854053682|464, 1475854054372|488, 1475854054852|252, 1475854055248|186, 1475854055446|116]
publish:subtestevent:[1475854050896|307, 1475854051329|344, 1475854051853|333, 1475854052508|436, 1475854053013|262, 1475854053319|287, 1475854053913|309, 1475854054589|483, 1475854054959|244, 1475854055289|179]
handlers:subtestevent:[1475854050494|1127, 1475854051090|1127, 1475854051614|1127, 1475854052156|1127, 1475854052543|1127, 1475854053146|1127, 1475854053785|1127, 1475854054656|1127, 1475854055101|1127, 1475854055372|1127]
handlers:subtestevent:[1475854050494|1127, 1475854051090|1127, 1475854051614|1127, 1475854052156|1127, 1475854052543|1127, 1475854053146|1127, 1475854053785|1127, 1475854054656|1127, 1475854055101|1127, 1475854055372|1127]
handlers:subtestevent:[1475854050542|1127, 1475854051115|1127, 1475854051736|1127, 1475854052477|1127, 1475854052992|1127, 1475854053632|1127, 1475854054130|1127, 1475854054599|1127, 1475854055029|1127, 1475854055361|1127]
handlers:subtestevent:[1475854050693|1127, 1475854051185|1127, 1475854051792|1127, 1475854052200|1127, 1475854052888|1127, 1475854053344|1127, 1475854054059|1127, 1475854054628|1127, 1475854055118|1127, 1475854055403|1127]
handlers:subtestevent:[1475854050482|1127, 1475854050762|1127, 1475854051400|1127, 1475854051872|1127, 1475854052424|1127, 1475854052959|1127, 1475854053578|1127, 1475854054186|1127, 1475854054714|1127, 1475854055063|1127]
handlers:subtestevent:[1475854050833|1127, 1475854051644|1127, 1475854052481|1127, 1475854053049|1127, 1475854053685|1127, 1475854054176|1127, 1475854054695|1127, 1475854055159|1127, 1475854055413|1127, 1475854055482|1127]
handlers:subtestevent:[1475854050776|1127, 1475854051030|1127, 1475854051354|1127, 1475854052104|1127, 1475854052661|1127, 1475854053045|1127, 1475854053729|1127, 1475854054180|1127, 1475854054642|1127, 1475854055094|1127]
handlers:subtestevent:[1475854050666|1127, 1475854051165|1127, 1475854051224|1127, 1475854051308|1127, 1475854051883|1127, 1475854052529|1127, 1475854053135|1127, 1475854053744|1127, 1475854054127|1127, 1475854054541|1127]
handlers:subtestevent:[1475854050673|1127, 1475854050889|1127, 1475854051461|1127, 1475854051992|1127, 1475854052546|1127, 1475854053013|1127, 1475854053499|1127, 1475854054125|1127, 1475854054425|1127, 1475854054920|1127]
handlers:subtestevent:[1475854050412|1127, 1475854050744|1127, 1475854051307|1127, 1475854051954|1127, 1475854052556|1127, 1475854052871|1127, 1475854053247|1127, 1475854053837|1127, 1475854054445|1127, 1475854055034|1127]
handlers:subtestevent:[1475854050566|1127, 1475854051055|1127, 1475854051792|1127, 1475854052395|1127, 1475854052832|1127, 1475854053563|1127, 1475854054274|1127, 1475854054847|1127, 1475854055173|1127, 1475854055427|1127]
handlers:subtestevent:[1475854050738|1127, 1475854051566|1127, 1475854052178|1127, 1475854052859|1127, 1475854053342|1127, 1475854053896|1127, 1475854054566|1127, 1475854054987|1127, 1475854055331|1127, 1475854055472|1127]
handlers:subtestevent:[1475854050617|1127, 1475854051134|1127, 1475854051669|1127, 1475854052280|1127, 1475854052907|1127, 1475854053516|1127, 1475854054127|1127, 1475854054636|1127, 1475854054925|1127, 1475854055316|1127]
handlers:subtestevent:[1475854050369|1127, 1475854050687|1127, 1475854051009|1127, 1475854051333|1127, 1475854051943|1127, 1475854052478|1127, 1475854052857|1127, 1475854053175|1127, 1475854053838|1127, 1475854054425|1127]
handlers:subtestevent:[1475854050739|1127, 1475854051398|1127, 1475854052109|1127, 1475854052711|1127, 1475854053240|1127, 1475854053711|1127, 1475854054396|1127, 1475854054937|1127, 1475854055235|1127, 1475854055466|1127]
handlers:subtestevent:[1475854050321|1127, 1475854050657|1127, 1475854051312|1127, 1475854051831|1127, 1475854051991|1127, 1475854052368|1127, 1475854052979|1127, 1475854053650|1127, 1475854054222|1127, 1475854054911|1127]
handlers:subtestevent:[1475854050181|1127, 1475854050599|1127, 1475854051234|1127, 1475854051911|1127, 1475854052571|1127, 1475854053187|1127, 1475854053761|1127, 1475854054261|1127, 1475854054864|1127, 1475854055291|1127]
handlers:subtestevent:[1475854050562|1127, 1475854051177|1127, 1475854051639|1127, 1475854052193|1127, 1475854052785|1127, 1475854053325|1127, 1475854053448|1127, 1475854053962|1127, 1475854054546|1127, 1475854055033|1127]
handlers:subtestevent:[1475854050721|1127, 1475854051264|1127, 1475854051892|1127, 1475854052432|1127, 1475854053106|1127, 1475854053490|1127, 1475854053956|1127, 1475854054232|1127, 1475854054820|1127, 1475854055239|1127]
handlers:subtestevent:[1475854050347|1127, 1475854050914|1127, 1475854051639|1127, 1475854052107|1127, 1475854052790|1127, 1475854053270|1127, 1475854053899|1127, 1475854054560|1127, 1475854054984|1127, 1475854055322|1127]
handlers:subtestevent:[1475854050296|1127, 1475854050856|1127, 1475854051372|1127, 1475854052127|1127, 1475854052713|1127, 1475854053057|1127, 1475854053594|1127, 1475854054166|1127, 1475854054766|1127, 1475854055186|1127]
handlers:subtestevent:[1475854050531|1127, 1475854051160|1127, 1475854051365|1127, 1475854051450|1127, 1475854051981|1127, 1475854052568|1127, 1475854053067|1127, 1475854053685|1127, 1475854054228|1127, 1475854054689|1127]
handlers:subtestevent:[1475854050335|1127, 1475854051087|1127, 1475854051593|1127, 1475854052057|1127, 1475854052556|1127, 1475854053171|1127, 1475854053791|1127, 1475854054289|1127, 1475854054731|1127, 1475854055196|1127]
handlers:subtestevent:[1475854050330|1127, 1475854050774|1127, 1475854051403|1127, 1475854051894|1127, 1475854052264|1127, 1475854053088|1127, 1475854053678|1127, 1475854054344|1127, 1475854054927|1127, 1475854055311|1127]
handlers:subtestevent:[1475854050575|1127, 1475854051248|1127, 1475854051675|1127, 1475854052362|1127, 1475854052955|1127, 1475854053746|1127, 1475854054311|1127, 1475854054572|1127, 1475854055018|1127, 1475854055282|1127]
handlers:subtestevent:[1475854050441|1127, 1475854050948|1127, 1475854051558|1127, 1475854052097|1127, 1475854052388|1127, 1475854053048|1127, 1475854053661|1127, 1475854054155|1127, 1475854054660|1127, 1475854055117|1127]
handlers:subtestevent:[1475854050606|1127, 1475854051062|1127, 1475854051815|1127, 1475854052341|1127, 1475854052414|1127, 1475854052550|1127, 1475854052945|1127, 1475854053693|1127, 1475854054041|1127, 1475854054633|1127]
handlers:subtestevent:[1475854050544|1127, 1475854051211|1127, 1475854051683|1127, 1475854051748|1127, 1475854052157|1127, 1475854052903|1127, 1475854053405|1127, 1475854054002|1127, 1475854054387|1127, 1475854054827|1127]
handlers:subtestevent:[1475854050541|1127, 1475854051098|1127, 1475854051904|1127, 1475854052408|1127, 1475854052915|1127, 1475854053410|1127, 1475854054075|1127, 1475854054564|1127, 1475854054736|1127, 1475854055132|1127]
handlers:subtestevent:[1475854050295|1127, 1475854050901|1127, 1475854051669|1127, 1475854052278|1127, 1475854052971|1127, 1475854053682|1127, 1475854054372|1127, 1475854054852|1127, 1475854055248|1127, 1475854055446|1127]
handlers:subtestevent:[1475854050896|1127, 1475854051329|1127, 1475854051853|1127, 1475854052508|1127, 1475854053013|1127, 1475854053319|1127, 1475854053913|1127, 1475854054589|1127, 1475854054959|1127, 1475854055289|1127]
publish:testevent:[1475854050046|99, 1475854050741|247, 1475854051314|224, 1475854051907|293, 1475854052271|115, 1475854052759|216, 1475854053449|303, 1475854054160|375, 1475854054824|168, 1475854055210|109]
publish:testevent:[1475854050046|99, 1475854050741|247, 1475854051314|224, 1475854051907|293, 1475854052271|115, 1475854052759|216, 1475854053449|303, 1475854054160|375, 1475854054824|168, 1475854055210|109]
publish:testevent:[1475854050226|147, 1475854050783|241, 1475854051371|256, 1475854051913|176, 1475854052665|188, 1475854053195|202, 1475854053782|150, 1475854054275|145, 1475854054696|97, 1475854055208|179]
publish:testevent:[1475854050432|357, 1475854050867|174, 1475854051464|279, 1475854051859|67, 1475854052448|248, 1475854053017|129, 1475854053524|180, 1475854054218|159, 1475854054756|128, 1475854055234|116]
publish:testevent:[1475854050241|170, 1475854050528|46, 1475854050963|201, 1475854051597|197, 1475854052066|194, 1475854052620|196, 1475854053142|183, 1475854053659|80, 1475854054368|182, 1475854054897|183]
publish:testevent:[1475854050136|69, 1475854051101|268, 1475854051931|287, 1475854052666|185, 1475854053229|180, 1475854053855|170, 1475854054356|179, 1475854054856|161, 1475854055283|124, 1475854055434|21]
publish:testevent:[1475854050311|252, 1475854050982|206, 1475854051195|165, 1475854051611|257, 1475854052273|169, 1475854052844|183, 1475854053254|209, 1475854053896|167, 1475854054253|73, 1475854054799|156]
publish:testevent:[1475854050149|98, 1475854050846|180, 1475854051184|19, 1475854051244|20, 1475854051562|254, 1475854052110|227, 1475854052745|216, 1475854053309|174, 1475854053964|220, 1475854054255|128]
publish:testevent:[1475854050453|405, 1475854050693|20, 1475854051097|208, 1475854051610|149, 1475854052289|297, 1475854052621|74, 1475854053142|129, 1475854053717|218, 1475854054386|261, 1475854054604|179]
publish:testevent:[1475854050177|131, 1475854050428|16, 1475854050919|175, 1475854051574|267, 1475854052154|200, 1475854052782|226, 1475854052891|20, 1475854053468|221, 1475854054041|204, 1475854054685|240]
publish:testevent:[1475854050328|345, 1475854050793|227, 1475854051195|140, 1475854052026|234, 1475854052512|117, 1475854053181|348, 1475854053932|369, 1475854054468|194, 1475854054900|53, 1475854055265|92]
publish:testevent:[1475854050205|226, 1475854051048|310, 1475854051786|220, 1475854052415|237, 1475854052948|89, 1475854053593|251, 1475854054141|245, 1475854054690|124, 1475854055171|183, 1475854055350|19]
publish:testevent:[1475854050149|174, 1475854050813|196, 1475854051306|172, 1475854051904|235, 1475854052484|204, 1475854053172|265, 1475854053698|182, 1475854054304|177, 1475854054863|227, 1475854055086|161]
publish:testevent:[1475854050175|218, 1475854050425|56, 1475854050855|168, 1475854051121|112, 1475854051470|137, 1475854052105|162, 1475854052631|153, 1475854053020|163, 1475854053484|309, 1475854054089|251]
publish:testevent:[1475854050150|199, 1475854050906|167, 1475854051647|249, 1475854052232|123, 1475854052864|153, 1475854053361|121, 1475854053944|233, 1475854054587|191, 1475854055075|138, 1475854055302|67]
publish:testevent:[1475854050191|20, 1475854050398|77, 1475854050872|215, 1475854051528|216, 1475854051952|121, 1475854052012|20, 1475854052529|161, 1475854053186|207, 1475854053929|279, 1475854054453|231]
publish:testevent:[1475854049977|31, 1475854050228|47, 1475854050817|218, 1475854051454|220, 1475854052188|277, 1475854052780|209, 1475854053349|162, 1475854053973|212, 1475854054444|183, 1475854055025|160]
publish:testevent:[1475854050010|85, 1475854050766|203, 1475854051325|148, 1475854051845|206, 1475854052397|204, 1475854053078|293, 1475854053346|21, 1475854053666|218, 1475854054241|279, 1475854054801|254]
publish:testevent:[1475854050022|100, 1475854050943|222, 1475854051440|176, 1475854052006|114, 1475854052711|279, 1475854053169|63, 1475854053607|117, 1475854054146|190, 1475854054416|184, 1475854054938|118]
publish:testevent:[1475854050001|82, 1475854050476|129, 1475854051137|223, 1475854051816|177, 1475854052412|305, 1475854052875|85, 1475854053490|220, 1475854054109|209, 1475854054669|109, 1475854055147|163]
publish:testevent:[1475854050055|137, 1475854050502|206, 1475854051006|150, 1475854051699|327, 1475854052283|156, 1475854052733|20, 1475854053289|232, 1475854053744|150, 1475854054400|234, 1475854054892|126]
publish:testevent:[1475854050040|137, 1475854050851|276, 1475854051383|135, 1475854051823|148, 1475854052538|176, 1475854053211|256, 1475854053902|156, 1475854054423|112, 1475854054699|127, 1475854055147|129]
publish:testevent:[1475854050024|109, 1475854050723|192, 1475854051323|163, 1475854051390|25, 1475854051616|166, 1475854052136|154, 1475854052711|143, 1475854053243|176, 1475854053849|164, 1475854054427|198]
publish:testevent:[1475854050019|108, 1475854050751|416, 1475854051289|202, 1475854051778|185, 1475854052218|161, 1475854052734|178, 1475854053289|118, 1475854054021|230, 1475854054479|190, 1475854054848|117]
publish:testevent:[1475854050036|129, 1475854050487|157, 1475854051061|287, 1475854051560|157, 1475854052040|146, 1475854052568|304, 1475854053224|136, 1475854053926|248, 1475854054507|163, 1475854055111|184]
publish:testevent:[1475854049946|46, 1475854050537|96, 1475854051098|150, 1475854051790|232, 1475854052122|25, 1475854052573|185, 1475854053267|219, 1475854053907|246, 1475854054259|104, 1475854054823|163]
publish:testevent:[1475854050015|138, 1475854050715|109, 1475854051336|274, 1475854051865|50, 1475854052375|33, 1475854052434|20, 1475854052602|52, 1475854053172|227, 1475854053803|110, 1475854054189|148]
publish:testevent:[1475854050160|283, 1475854050759|215, 1475854051417|206, 1475854051705|22, 1475854051793|45, 1475854052435|278, 1475854053087|184, 1475854053575|170, 1475854054133|131, 1475854054523|136]
publish:testevent:[1475854050276|93, 1475854050781|240, 1475854051386|288, 1475854052078|174, 1475854052599|190, 1475854053091|176, 1475854053706|296, 1475854054272|197, 1475854054583|19, 1475854054917|181]
publish:testevent:[1475854050240|63, 1475854050595|300, 1475854051114|213, 1475854051897|228, 1475854052510|232, 1475854053218|247, 1475854053884|202, 1475854054600|227, 1475854055062|210, 1475854055330|81]
publish:testevent:[1475854050589|371, 1475854050985|89, 1475854051520|191, 1475854052072|219, 1475854052751|243, 1475854053032|19, 1475854053604|285, 1475854054106|193, 1475854054715|126, 1475854055110|151]
