###### EXPERIMENT ##########
Experiment Read Only High Concurrency with 2 workloads
	Publisher(202142ms)->Parallel tasks:30,start after 2SECONDS,run 10 times
	Subscriber(202141ms)->Parallel tasks:1,start immediately,run until Publisher ends

and additional parameters:
	Delay after subscribing a single batch of listeners:30
	Number of Unsubscriber threads:0
	Number of batches to process with each publisher:10
	Listener factory:ListenerFactory{1000 instances of SubTestEventListener | 1000 instances of TestEventListener | 1000 instances of AllEventsListener | }
	Delay after unsubscribing a single batch of listeners:100
	Eventbus:Guava Event Bus
	Report base dir:/home/bennidi/Development/workspaces/mbassador/eventbus-performance/results/Read Only High Concurrency/1403638084577/
	Base path:/home/bennidi/Development/workspaces/mbassador/eventbus-performance/results
	Number of publisher threads:30
	Batch size per publisher:1000
	Number of Subscriber threads:1


##### COLLECTORS ########
handlers:subtestevent:[1403637900563|4000, 1403637919757|4000, 1403637938124|4000, 1403637957597|4000, 1403637976926|4000, 1403637995645|4000, 1403638014990|4000, 1403638033782|4000, 1403638052030|4000, 1403638070705|4000]
handlers:subtestevent:[1403637900563|4000, 1403637919757|4000, 1403637938124|4000, 1403637957597|4000, 1403637976926|4000, 1403637995645|4000, 1403638014990|4000, 1403638033782|4000, 1403638052030|4000, 1403638070705|4000]
handlers:subtestevent:[1403637900781|4000, 1403637920436|4000, 1403637940496|4000, 1403637961438|4000, 1403637980385|4000, 1403638001159|4000, 1403638021164|4000, 1403638040681|4000, 1403638061002|4000, 1403638079630|4000]
handlers:subtestevent:[1403637899506|4000, 1403637919545|4000, 1403637940307|4000, 1403637960505|4000, 1403637981174|4000, 1403638001851|4000, 1403638020665|4000, 1403638041093|4000, 1403638060289|4000, 1403638079524|4000]
handlers:subtestevent:[1403637900945|4000, 1403637920993|4000, 1403637940841|4000, 1403637960391|4000, 1403637980913|4000, 1403638000626|4000, 1403638020403|4000, 1403638040592|4000, 1403638060687|4000, 1403638079680|4000]
handlers:subtestevent:[1403637900265|4000, 1403637919460|4000, 1403637937834|4000, 1403637957317|4000, 1403637976220|4000, 1403637995111|4000, 1403638013631|4000, 1403638032188|4000, 1403638050618|4000, 1403638068750|4000]
handlers:subtestevent:[1403637899800|4000, 1403637918633|4000, 1403637937904|4000, 1403637957342|4000, 1403637976526|4000, 1403637996236|4000, 1403638014409|4000, 1403638032864|4000, 1403638051185|4000, 1403638069247|4000]
handlers:subtestevent:[1403637900153|4000, 1403637920371|4000, 1403637940304|4000, 1403637959871|4000, 1403637980603|4000, 1403638001798|4000, 1403638020517|4000, 1403638041864|4000, 1403638062044|4000, 1403638079411|4000]
handlers:subtestevent:[1403637900529|4000, 1403637920844|4000, 1403637939638|4000, 1403637959883|4000, 1403637979730|4000, 1403637999864|4000, 1403638020752|4000, 1403638042483|4000, 1403638062984|4000, 1403638079672|4000]
handlers:subtestevent:[1403637901394|4000, 1403637920789|4000, 1403637941110|4000, 1403637960979|4000, 1403637980969|4000, 1403638001136|4000, 1403638021078|4000, 1403638041990|4000, 1403638061552|4000, 1403638079201|4000]
handlers:subtestevent:[1403637901102|4000, 1403637920772|4000, 1403637938628|4000, 1403637957908|4000, 1403637978565|4000, 1403637999225|4000, 1403638019616|4000, 1403638038891|4000, 1403638058847|4000, 1403638077633|4000]
handlers:subtestevent:[1403637899585|4000, 1403637918574|4000, 1403637937499|4000, 1403637956560|4000, 1403637975948|4000, 1403637995769|4000, 1403638014547|4000, 1403638033043|4000, 1403638052012|4000, 1403638070217|4000]
handlers:subtestevent:[1403637901331|4000, 1403637921281|4000, 1403637939600|4000, 1403637958997|4000, 1403637978167|4000, 1403637998045|4000, 1403638016744|4000, 1403638035897|4000, 1403638054756|4000, 1403638072519|4000]
handlers:subtestevent:[1403637900486|4000, 1403637920284|4000, 1403637940590|4000, 1403637961668|4000, 1403637981782|4000, 1403638000890|4000, 1403638021732|4000, 1403638041841|4000, 1403638061622|4000, 1403638079678|4000]
handlers:subtestevent:[1403637900859|4000, 1403637921269|4000, 1403637940607|4000, 1403637959992|4000, 1403637979501|4000, 1403638000232|4000, 1403638019773|4000, 1403638038960|4000, 1403638059116|4000, 1403638077945|4000]
handlers:subtestevent:[1403637900612|4000, 1403637918841|4000, 1403637937367|4000, 1403637957156|4000, 1403637978076|4000, 1403637997610|4000, 1403638016622|4000, 1403638037122|4000, 1403638056960|4000, 1403638074304|4000]
handlers:subtestevent:[1403637899454|4000, 1403637918594|4000, 1403637937527|4000, 1403637955810|4000, 1403637974254|4000, 1403637992126|4000, 1403638009504|4000, 1403638025985|4000, 1403638044515|4000, 1403638063077|4000]
handlers:subtestevent:[1403637900801|4000, 1403637920766|4000, 1403637940816|4000, 1403637959741|4000, 1403637979351|4000, 1403637999336|4000, 1403638020245|4000, 1403638041398|4000, 1403638062452|4000, 1403638079403|4000]
handlers:subtestevent:[1403637900541|4000, 1403637919848|4000, 1403637939579|4000, 1403637959086|4000, 1403637979626|4000, 1403637999920|4000, 1403638020600|4000, 1403638041848|4000, 1403638061769|4000, 1403638079528|4000]
handlers:subtestevent:[1403637899998|4000, 1403637919354|4000, 1403637938324|4000, 1403637956968|4000, 1403637976592|4000, 1403637995399|4000, 1403638013694|4000, 1403638031602|4000, 1403638049886|4000, 1403638067839|4000]
handlers:subtestevent:[1403637899761|4000, 1403637920151|4000, 1403637940366|4000, 1403637959272|4000, 1403637978606|4000, 1403637998621|4000, 1403638019542|4000, 1403638041332|4000, 1403638061881|4000, 1403638079585|4000]
handlers:subtestevent:[1403637900688|4000, 1403637919879|4000, 1403637939643|4000, 1403637960054|4000, 1403637979903|4000, 1403637999985|4000, 1403638019419|4000, 1403638039158|4000, 1403638060243|4000, 1403638078441|4000]
handlers:subtestevent:[1403637901314|4000, 1403637920640|4000, 1403637941400|4000, 1403637960423|4000, 1403637980370|4000, 1403638000630|4000, 1403638022137|4000, 1403638041945|4000, 1403638062161|4000, 1403638079203|4000]
handlers:subtestevent:[1403637900321|4000, 1403637920188|4000, 1403637939287|4000, 1403637959912|4000, 1403637980111|4000, 1403637999394|4000, 1403638019537|4000, 1403638040356|4000, 1403638061151|4000, 1403638079581|4000]
handlers:subtestevent:[1403637900853|4000, 1403637919440|4000, 1403637938928|4000, 1403637958027|4000, 1403637977060|4000, 1403637996933|4000, 1403638016532|4000, 1403638035821|4000, 1403638054071|4000, 1403638072320|4000]
handlers:subtestevent:[1403637899905|4000, 1403637920093|4000, 1403637940726|4000, 1403637961107|4000, 1403637981188|4000, 1403638000608|4000, 1403638020341|4000, 1403638040937|4000, 1403638060808|4000, 1403638078964|4000]
handlers:subtestevent:[1403637901118|4000, 1403637919966|4000, 1403637939254|4000, 1403637958641|4000, 1403637978538|4000, 1403637998630|4000, 1403638018381|4000, 1403638038494|4000, 1403638057549|4000, 1403638076466|4000]
handlers:subtestevent:[1403637901269|4000, 1403637920582|4000, 1403637940303|4000, 1403637960652|4000, 1403637980299|4000, 1403637999318|4000, 1403638019456|4000, 1403638040801|4000, 1403638061344|4000, 1403638079400|4000]
handlers:subtestevent:[1403637900109|4000, 1403637921285|4000, 1403637940912|4000, 1403637960088|4000, 1403637980059|4000, 1403637999342|4000, 1403638019503|4000, 1403638038902|4000, 1403638057951|4000, 1403638076505|4000]
handlers:subtestevent:[1403637900892|4000, 1403637920541|4000, 1403637940488|4000, 1403637960436|4000, 1403637980625|4000, 1403638000876|4000, 1403638020885|4000, 1403638040364|4000, 1403638060132|4000, 1403638078645|4000]
handlers:subtestevent:[1403637901315|4000, 1403637920899|4000, 1403637938897|4000, 1403637958360|4000, 1403637977889|4000, 1403637998728|4000, 1403638018641|4000, 1403638039710|4000, 1403638061086|4000, 1403638079370|4000]
publish:subtestevent:[1403637900563|13428, 1403637919757|12630, 1403637938124|11810, 1403637957597|13352, 1403637976926|12780, 1403637995645|12800, 1403638014990|13893, 1403638033782|13297, 1403638052030|13969, 1403638070705|13831]
publish:subtestevent:[1403637900563|13428, 1403637919757|12630, 1403637938124|11810, 1403637957597|13352, 1403637976926|12780, 1403637995645|12800, 1403638014990|13893, 1403638033782|13297, 1403638052030|13969, 1403638070705|13831]
publish:subtestevent:[1403637900781|14378, 1403637920436|12890, 1403637940496|13863, 1403637961438|14274, 1403637980385|13120, 1403638001159|14650, 1403638021164|13500, 1403638040681|13674, 1403638061002|13883, 1403638079630|11517]
publish:subtestevent:[1403637899506|12998, 1403637919534|13786, 1403637940307|13744, 1403637960505|13356, 1403637981174|14637, 1403638001851|14143, 1403638020665|13173, 1403638041093|14402, 1403638060289|13163, 1403638079524|12305]
publish:subtestevent:[1403637900945|13274, 1403637920993|13666, 1403637940841|13863, 1403637960391|13220, 1403637980913|14313, 1403638000626|13391, 1403638020403|13776, 1403638040592|13680, 1403638060686|14465, 1403638079680|11304]
publish:subtestevent:[1403637900265|13406, 1403637919460|12326, 1403637937834|12549, 1403637957317|12752, 1403637976220|12578, 1403637995111|13026, 1403638013631|13665, 1403638032188|13424, 1403638050618|14048, 1403638068750|13484]
publish:subtestevent:[1403637899800|13746, 1403637918633|12932, 1403637937904|12750, 1403637957342|12891, 1403637976526|13106, 1403637996236|13587, 1403638014409|12722, 1403638032864|13254, 1403638051185|13914, 1403638069247|13623]
publish:subtestevent:[1403637900153|13840, 1403637920371|13151, 1403637940304|13355, 1403637959871|13693, 1403637980603|13830, 1403638001798|14800, 1403638020517|12872, 1403638041864|14853, 1403638062044|14044, 1403638079411|11126]
publish:subtestevent:[1403637900529|13519, 1403637920844|13603, 1403637939638|12128, 1403637959883|13780, 1403637979730|13795, 1403637999864|13235, 1403638020751|14306, 1403638042483|15588, 1403638062984|14427, 1403638079672|10680]
publish:subtestevent:[1403637901394|14679, 1403637920789|13180, 1403637941110|13703, 1403637960979|13271, 1403637980969|13608, 1403638001136|13898, 1403638021078|13724, 1403638041990|14321, 1403638061552|13720, 1403638079201|11237]
publish:subtestevent:[1403637901102|13703, 1403637920772|13073, 1403637938628|12325, 1403637957908|12700, 1403637978565|14610, 1403637999225|13310, 1403638019616|13833, 1403638038891|12789, 1403638058847|13793, 1403638077633|13532]
publish:subtestevent:[1403637899585|13130, 1403637918574|12315, 1403637937499|12794, 1403637956560|12659, 1403637975948|13146, 1403637995769|13541, 1403638014547|13362, 1403638033043|12726, 1403638052012|14188, 1403638070217|13496]
publish:subtestevent:[1403637901331|13451, 1403637921281|14034, 1403637939600|11834, 1403637958997|12743, 1403637978167|12533, 1403637998045|13611, 1403638016744|12175, 1403638035897|12841, 1403638054756|14195, 1403638072519|13282]
publish:subtestevent:[1403637900486|13367, 1403637920284|13259, 1403637940590|13390, 1403637961668|14546, 1403637981782|14246, 1403638000890|13152, 1403638021732|14283, 1403638041841|14002, 1403638061622|13711, 1403638079678|10913]
publish:subtestevent:[1403637900859|13841, 1403637921269|14116, 1403637940607|13200, 1403637959992|13261, 1403637979501|13497, 1403638000232|14001, 1403638019773|13034, 1403638038960|13043, 1403638059116|13897, 1403638077945|13093]
publish:subtestevent:[1403637900612|13814, 1403637918841|12466, 1403637937367|12391, 1403637957156|13142, 1403637978076|14671, 1403637997610|13210, 1403638016622|12857, 1403638037122|14507, 1403638056960|14096, 1403638074304|12469]
publish:subtestevent:[1403637899454|13926, 1403637918594|13108, 1403637937527|12973, 1403637955810|12720, 1403637974254|12647, 1403637992126|12886, 1403638009504|13251, 1403638025985|12382, 1403638044515|14120, 1403638063077|13684]
publish:subtestevent:[1403637900801|14133, 1403637920766|13748, 1403637940816|13475, 1403637959741|12380, 1403637979351|13439, 1403637999336|13762, 1403638020245|13636, 1403638041398|14758, 1403638062452|14843, 1403638079403|10686]
publish:subtestevent:[1403637900541|12770, 1403637919848|12635, 1403637939579|13249, 1403637959086|12894, 1403637979626|14079, 1403637999920|13616, 1403638020600|13963, 1403638041848|14425, 1403638061769|13685, 1403638079503|11290]
publish:subtestevent:[1403637899998|13628, 1403637919354|12552, 1403637938324|12474, 1403637956968|12642, 1403637976592|13128, 1403637995399|12321, 1403638013694|13121, 1403638031602|12717, 1403638049886|13999, 1403638067839|13835]
publish:subtestevent:[1403637899761|13526, 1403637920151|13931, 1403637940366|13748, 1403637959272|12162, 1403637978606|13099, 1403637998621|13726, 1403638019542|14148, 1403638041332|14969, 1403638061881|14164, 1403638079585|11116]
publish:subtestevent:[1403637900688|13638, 1403637919879|13491, 1403637939643|12630, 1403637960054|13916, 1403637979903|13440, 1403637999984|14008, 1403638019419|13091, 1403638039158|12970, 1403638060243|14241, 1403638078441|12191]
publish:subtestevent:[1403637901314|13865, 1403637920640|13109, 1403637941400|13758, 1403637960423|13151, 1403637980370|13206, 1403638000630|13451, 1403638022137|15007, 1403638041945|14094, 1403638062161|14373, 1403638079203|10745]
publish:subtestevent:[1403637900321|13356, 1403637920188|12968, 1403637939287|13020, 1403637959912|13952, 1403637980111|13310, 1403637999394|12789, 1403638019537|13756, 1403638040356|13862, 1403638061151|14657, 1403638079581|11690]
publish:subtestevent:[1403637900853|13235, 1403637919440|11880, 1403637938928|13257, 1403637958027|12584, 1403637977060|13153, 1403637996933|13304, 1403638016532|13905, 1403638035821|13886, 1403638054071|13182, 1403638072320|13809]
publish:subtestevent:[1403637899905|13304, 1403637920093|12924, 1403637940726|14076, 1403637961107|14379, 1403637981188|13781, 1403638000607|13428, 1403638020341|13214, 1403638040937|13776, 1403638060808|13898, 1403638078964|12107]
publish:subtestevent:[1403637901118|15103, 1403637919966|12787, 1403637939254|12556, 1403637958641|12958, 1403637978538|13754, 1403637998630|13927, 1403638018381|14179, 1403638038494|13852, 1403638057549|13558, 1403638076466|13838]
publish:subtestevent:[1403637901269|13991, 1403637920582|12908, 1403637940303|13405, 1403637960652|13455, 1403637980299|13644, 1403637999318|12720, 1403638019456|13744, 1403638040801|14265, 1403638061344|14683, 1403638079400|11755]
publish:subtestevent:[1403637900109|13269, 1403637921263|14045, 1403637940912|13067, 1403637960088|12464, 1403637980059|12927, 1403637999342|13707, 1403638019503|13768, 1403638038902|13287, 1403638057951|13759, 1403638076505|13768]
publish:subtestevent:[1403637900892|13902, 1403637920541|13861, 1403637940488|13411, 1403637960436|13272, 1403637980625|13405, 1403638000875|14209, 1403638020885|14055, 1403638040364|13543, 1403638060132|13795, 1403638078645|11768]
publish:subtestevent:[1403637901315|14763, 1403637920899|13418, 1403637938897|12429, 1403637958360|13121, 1403637977889|12695, 1403637998728|14269, 1403638018641|13801, 1403638039710|14829, 1403638061086|14939, 1403638079370|11312]
publish:testevent:[1403637887135|8709, 1403637907127|6564, 1403637926314|6557, 1403637944245|6120, 1403637964146|6549, 1403637982845|5918, 1403638001097|5452, 1403638020485|5495, 1403638038061|4279, 1403638056874|4844]
publish:testevent:[1403637887135|8709, 1403637907127|6564, 1403637926314|6557, 1403637944245|6120, 1403637964146|6549, 1403637982845|5918, 1403638001097|5452, 1403638020485|5495, 1403638038061|4279, 1403638056874|4844]
publish:testevent:[1403637886403|7975, 1403637907546|6765, 1403637926633|6197, 1403637947164|6668, 1403637967265|5827, 1403637986509|6124, 1403638007664|6505, 1403638027007|5842, 1403638047119|6438, 1403638068113|7111]
publish:testevent:[1403637886508|8080, 1403637905748|6241, 1403637926563|7018, 1403637947149|6842, 1403637966537|6032, 1403637987708|6534, 1403638007492|5641, 1403638026691|6025, 1403638047126|6033, 1403638067219|6929]
publish:testevent:[1403637887671|9243, 1403637907326|6381, 1403637926978|5985, 1403637947171|6330, 1403637966600|6209, 1403637987235|6322, 1403638006627|6000, 1403638026912|6509, 1403638046221|5628, 1403638068376|7689]
publish:testevent:[1403637886859|8430, 1403637907134|6869, 1403637925285|5825, 1403637944564|6730, 1403637963642|6325, 1403637982085|5865, 1403637999966|4855, 1403638018764|5133, 1403638036570|4382, 1403638055266|4648]
publish:testevent:[1403637886054|7621, 1403637905701|5901, 1403637925154|6520, 1403637944451|6547, 1403637963420|6078, 1403637982649|6123, 1403638001687|5451, 1403638019610|5201, 1403638037271|4407, 1403638055624|4439]
publish:testevent:[1403637886313|7880, 1403637907220|7067, 1403637926949|6578, 1403637946178|5874, 1403637966773|6902, 1403637986998|6394, 1403638007645|5847, 1403638027011|6494, 1403638048000|6135, 1403638068285|6241]
publish:testevent:[1403637887010|8577, 1403637907241|6711, 1403637927510|6666, 1403637946103|6465, 1403637965935|6052, 1403637986629|6899, 1403638006445|6581, 1403638026895|6143, 1403638048557|6074, 1403638068992|6007]
publish:testevent:[1403637886715|8281, 1403637907609|6208, 1403637927407|6618, 1403637947708|6598, 1403637967361|6382, 1403637987238|6269, 1403638007354|6218, 1403638027669|6591, 1403638047832|5841, 1403638067964|6412]
publish:testevent:[1403637887399|8965, 1403637907699|6597, 1403637926303|5530, 1403637945208|6580, 1403637963955|6047, 1403637985915|7350, 1403638005783|6558, 1403638026102|6486, 1403638045054|6163, 1403638064101|5254]
publish:testevent:[1403637886455|8021, 1403637906259|6674, 1403637924705|6131, 1403637943901|6402, 1403637962802|6242, 1403637982228|6280, 1403638001185|5416, 1403638020317|5770, 1403638037824|4781, 1403638056721|4709]
publish:testevent:[1403637887880|9445, 1403637907247|5916, 1403637927766|6485, 1403637946254|6654, 1403637965634|6637, 1403637984434|6265, 1403638004569|6524, 1403638023056|6312, 1403638040561|4664, 1403638059237|4481]
publish:testevent:[1403637887119|8683, 1403637907025|6539, 1403637927200|6916, 1403637947122|6531, 1403637967536|5868, 1403637987737|5953, 1403638007449|6559, 1403638027839|6106, 1403638047911|6070, 1403638068765|7143]
publish:testevent:[1403637887018|8582, 1403637907153|6294, 1403637927407|6138, 1403637946731|6124, 1403637966004|6011, 1403637986231|6730, 1403638006739|6506, 1403638025917|6144, 1403638045219|6259, 1403638064852|5736]
publish:testevent:[1403637886798|8360, 1403637906375|5763, 1403637924976|6135, 1403637944014|6647, 1403637963405|6248, 1403637984400|6324, 1403638003765|6155, 1403638022615|5993, 1403638042864|5742, 1403638061835|4875]
publish:testevent:[1403637885528|7088, 1403637905486|6012, 1403637924554|5960, 1403637943090|5563, 1403637961606|5796, 1403637979240|4986, 1403637996253|4127, 1403638013603|4099, 1403638030395|4410, 1403638049393|4878]
publish:testevent:[1403637886668|8228, 1403637907018|6216, 1403637927341|6575, 1403637947361|6545, 1403637965912|6171, 1403637985574|6223, 1403638006609|7273, 1403638026640|6395, 1403638047609|6211, 1403638068717|6265]
publish:testevent:[1403637887771|9330, 1403637907213|6672, 1403637926330|6482, 1403637946192|6613, 1403637965547|6461, 1403637986304|6673, 1403638006637|6717, 1403638027423|6823, 1403638048084|6236, 1403638068213|6443]
publish:testevent:[1403637886370|7927, 1403637906802|6803, 1403637925850|6496, 1403637944326|6002, 1403637963464|6465, 1403637983078|6486, 1403638000573|5173, 1403638018885|5190, 1403638035887|4269, 1403638054004|4112]
publish:testevent:[1403637886235|7791, 1403637906220|6459, 1403637926618|6467, 1403637947110|6744, 1403637965507|6235, 1403637984895|6289, 1403638005394|6773, 1403638026363|6821, 1403638047717|6385, 1403638068469|6588]
publish:testevent:[1403637887050|8606, 1403637906388|5700, 1403637927013|7134, 1403637946138|6495, 1403637966463|6409, 1403637985976|6073, 1403638006328|6343, 1403638026188|6769, 1403638046002|6844, 1403638066250|6007]
publish:testevent:[1403637887449|9001, 1403637907531|6217, 1403637927642|6979, 1403637947272|5870, 1403637967164|6741, 1403637987179|6809, 1403638007130|6500, 1403638027851|5714, 1403638047788|5843, 1403638068458|6297]
publish:testevent:[1403637886965|8520, 1403637907220|6899, 1403637926267|6079, 1403637945960|6673, 1403637966801|6888, 1403637986605|6494, 1403638005741|6347, 1403638026494|6957, 1403638046494|6138, 1403638067891|6740]
publish:testevent:[1403637887618|9172, 1403637907560|6707, 1403637925671|6231, 1403637945443|6514, 1403637963907|5879, 1403637983629|6569, 1403638002627|5694, 1403638021935|5403, 1403638040889|5067, 1403638058511|4395]
publish:testevent:[1403637886601|8152, 1403637907169|7264, 1403637926650|6557, 1403637946728|6002, 1403637967407|6300, 1403637987179|5991, 1403638007127|6519, 1403638027161|6820, 1403638046910|5973, 1403638066857|6049]
publish:testevent:[1403637886014|7562, 1403637907178|6060, 1403637926698|6732, 1403637945683|6429, 1403637964784|6143, 1403637984703|6164, 1403638004202|5572, 1403638024642|6261, 1403638043991|5497, 1403638062628|5079]
publish:testevent:[1403637887278|8826, 1403637907674|6404, 1403637926898|6316, 1403637947197|6894, 1403637966655|6003, 1403637986598|6299, 1403638005712|6394, 1403638026536|7080, 1403638046661|5860, 1403638067645|6300]
publish:testevent:[1403637886840|8387, 1403637907218|7108, 1403637927845|6560, 1403637947624|6712, 1403637967132|7044, 1403637985635|5576, 1403638005735|6393, 1403638025615|6112, 1403638044192|5290, 1403638062737|4786]
publish:testevent:[1403637886990|8537, 1403637906680|5788, 1403637927077|6536, 1403637947164|6675, 1403637967220|6784, 1403637986666|6041, 1403638006830|5954, 1403638026821|5935, 1403638046337|5973, 1403638066877|6745]
publish:testevent:[1403637886552|8099, 1403637907480|6165, 1403637926468|5515, 1403637945239|6342, 1403637965194|6834, 1403637984459|6570, 1403638004840|6112, 1403638024881|6240, 1403638046147|6437, 1403638068058|6972]
subscribe:[1403637879453|1026, 1403637879544|60, 1403637879842|240, 1403637879953|80, 1403637880265|250, 1403637880578|282, 1403637880810|179, 1403637880925|80, 1403637881266|294, 1403637881623|318, 1403637881827|98, 1403637881981|123, 1403637882090|76, 1403637882208|83, 1403637882386|142, 1403637882572|153, 1403637882703|94, 1403637882962|100]
subscribe:[1403637879453|1026, 1403637879544|60, 1403637879842|240, 1403637879953|80, 1403637880265|250, 1403637880578|282, 1403637880810|179, 1403637880925|80, 1403637881266|294, 1403637881623|318, 1403637881827|98, 1403637881981|123, 1403637882090|76, 1403637882208|83, 1403637882386|142, 1403637882572|153, 1403637882703|94, 1403637882962|100]
handlers:testevent:[1403637887135|2000, 1403637907127|2000, 1403637926314|2000, 1403637944245|2000, 1403637964146|2000, 1403637982845|2000, 1403638001097|2000, 1403638020485|2000, 1403638038061|2000, 1403638056874|2000]
handlers:testevent:[1403637887135|2000, 1403637907127|2000, 1403637926314|2000, 1403637944245|2000, 1403637964146|2000, 1403637982845|2000, 1403638001097|2000, 1403638020485|2000, 1403638038061|2000, 1403638056874|2000]
handlers:testevent:[1403637886403|2000, 1403637907546|2000, 1403637926633|2000, 1403637947164|2000, 1403637967265|2000, 1403637986509|2000, 1403638007664|2000, 1403638027007|2000, 1403638047119|2000, 1403638068113|2000]
handlers:testevent:[1403637886508|2000, 1403637905748|2000, 1403637926563|2000, 1403637947149|2000, 1403637966537|2000, 1403637987708|2000, 1403638007492|2000, 1403638026691|2000, 1403638047126|2000, 1403638067219|2000]
handlers:testevent:[1403637887671|2000, 1403637907326|2000, 1403637926978|2000, 1403637947171|2000, 1403637966600|2000, 1403637987235|2000, 1403638006627|2000, 1403638026912|2000, 1403638046221|2000, 1403638068376|2000]
handlers:testevent:[1403637886859|2000, 1403637907134|2000, 1403637925285|2000, 1403637944564|2000, 1403637963642|2000, 1403637982085|2000, 1403637999966|2000, 1403638018764|2000, 1403638036570|2000, 1403638055266|2000]
handlers:testevent:[1403637886054|2000, 1403637905701|2000, 1403637925154|2000, 1403637944451|2000, 1403637963420|2000, 1403637982649|2000, 1403638001687|2000, 1403638019610|2000, 1403638037271|2000, 1403638055624|2000]
handlers:testevent:[1403637886313|2000, 1403637907220|2000, 1403637926949|2000, 1403637946178|2000, 1403637966773|2000, 1403637986998|2000, 1403638007645|2000, 1403638027011|2000, 1403638048000|2000, 1403638068285|2000]
handlers:testevent:[1403637887010|2000, 1403637907241|2000, 1403637927510|2000, 1403637946103|2000, 1403637965935|2000, 1403637986629|2000, 1403638006445|2000, 1403638026895|2000, 1403638048557|2000, 1403638068992|2000]
handlers:testevent:[1403637886715|2000, 1403637907609|2000, 1403637927407|2000, 1403637947708|2000, 1403637967361|2000, 1403637987238|2000, 1403638007354|2000, 1403638027669|2000, 1403638047832|2000, 1403638067964|2000]
handlers:testevent:[1403637887399|2000, 1403637907699|2000, 1403637926303|2000, 1403637945208|2000, 1403637963955|2000, 1403637985915|2000, 1403638005783|2000, 1403638026102|2000, 1403638045054|2000, 1403638064101|2000]
handlers:testevent:[1403637886455|2000, 1403637906259|2000, 1403637924705|2000, 1403637943901|2000, 1403637962802|2000, 1403637982228|2000, 1403638001185|2000, 1403638020317|2000, 1403638037824|2000, 1403638056721|2000]
handlers:testevent:[1403637887880|2000, 1403637907247|2000, 1403637927766|2000, 1403637946254|2000, 1403637965634|2000, 1403637984434|2000, 1403638004569|2000, 1403638023056|2000, 1403638040561|2000, 1403638059237|2000]
handlers:testevent:[1403637887119|2000, 1403637907025|2000, 1403637927200|2000, 1403637947122|2000, 1403637967536|2000, 1403637987737|2000, 1403638007449|2000, 1403638027839|2000, 1403638047911|2000, 1403638068765|2000]
handlers:testevent:[1403637887018|2000, 1403637907153|2000, 1403637927407|2000, 1403637946731|2000, 1403637966004|2000, 1403637986231|2000, 1403638006739|2000, 1403638025917|2000, 1403638045219|2000, 1403638064852|2000]
handlers:testevent:[1403637886798|2000, 1403637906375|2000, 1403637924976|2000, 1403637944014|2000, 1403637963405|2000, 1403637984400|2000, 1403638003765|2000, 1403638022615|2000, 1403638042864|2000, 1403638061835|2000]
handlers:testevent:[1403637885528|2000, 1403637905486|2000, 1403637924554|2000, 1403637943090|2000, 1403637961607|2000, 1403637979240|2000, 1403637996253|2000, 1403638013603|2000, 1403638030395|2000, 1403638049393|2000]
handlers:testevent:[1403637886668|2000, 1403637907018|2000, 1403637927341|2000, 1403637947361|2000, 1403637965912|2000, 1403637985574|2000, 1403638006609|2000, 1403638026640|2000, 1403638047609|2000, 1403638068717|2000]
handlers:testevent:[1403637887771|2000, 1403637907213|2000, 1403637926330|2000, 1403637946192|2000, 1403637965547|2000, 1403637986304|2000, 1403638006637|2000, 1403638027423|2000, 1403638048084|2000, 1403638068213|2000]
handlers:testevent:[1403637886370|2000, 1403637906802|2000, 1403637925850|2000, 1403637944326|2000, 1403637963464|2000, 1403637983078|2000, 1403638000573|2000, 1403638018885|2000, 1403638035887|2000, 1403638054004|2000]
handlers:testevent:[1403637886235|2000, 1403637906220|2000, 1403637926618|2000, 1403637947110|2000, 1403637965507|2000, 1403637984895|2000, 1403638005394|2000, 1403638026363|2000, 1403638047717|2000, 1403638068469|2000]
handlers:testevent:[1403637887050|2000, 1403637906388|2000, 1403637927013|2000, 1403637946138|2000, 1403637966463|2000, 1403637985976|2000, 1403638006328|2000, 1403638026188|2000, 1403638046002|2000, 1403638066250|2000]
handlers:testevent:[1403637887449|2000, 1403637907531|2000, 1403637927642|2000, 1403637947272|2000, 1403637967164|2000, 1403637987179|2000, 1403638007130|2000, 1403638027851|2000, 1403638047788|2000, 1403638068458|2000]
handlers:testevent:[1403637886965|2000, 1403637907220|2000, 1403637926267|2000, 1403637945960|2000, 1403637966801|2000, 1403637986605|2000, 1403638005781|2000, 1403638026494|2000, 1403638046494|2000, 1403638067891|2000]
handlers:testevent:[1403637887618|2000, 1403637907560|2000, 1403637925671|2000, 1403637945443|2000, 1403637963907|2000, 1403637983629|2000, 1403638002627|2000, 1403638021935|2000, 1403638040889|2000, 1403638058511|2000]
handlers:testevent:[1403637886601|2000, 1403637907169|2000, 1403637926650|2000, 1403637946728|2000, 1403637967407|2000, 1403637987179|2000, 1403638007127|2000, 1403638027161|2000, 1403638046910|2000, 1403638066857|2000]
handlers:testevent:[1403637886015|2000, 1403637907178|2000, 1403637926698|2000, 1403637945683|2000, 1403637964784|2000, 1403637984703|2000, 1403638004202|2000, 1403638024642|2000, 1403638043991|2000, 1403638062628|2000]
handlers:testevent:[1403637887278|2000, 1403637907674|2000, 1403637926898|2000, 1403637947197|2000, 1403637966655|2000, 1403637986598|2000, 1403638005712|2000, 1403638026536|2000, 1403638046661|2000, 1403638067645|2000]
handlers:testevent:[1403637886840|2000, 1403637907218|2000, 1403637927845|2000, 1403637947624|2000, 1403637967132|2000, 1403637985635|2000, 1403638005735|2000, 1403638025615|2000, 1403638044192|2000, 1403638062737|2000]
handlers:testevent:[1403637886990|2000, 1403637906680|2000, 1403637927077|2000, 1403637947164|2000, 1403637967220|2000, 1403637986666|2000, 1403638006830|2000, 1403638026821|2000, 1403638046337|2000, 1403638066877|2000]
handlers:testevent:[1403637886552|2000, 1403637907480|2000, 1403637926468|2000, 1403637945239|2000, 1403637965194|2000, 1403637984459|2000, 1403638004840|2000, 1403638024881|2000, 1403638046147|2000, 1403638068058|2000]
