###### EXPERIMENT ##########
Experiment Read Only High Concurrency with 2 workloads
	Initializer(16002ms)->Parallel tasks:1,start immediately,run 1 times
	Publisher(15104ms)->Parallel tasks:30,start after workload Initializer,run 10 times

and additional parameters:
	Base path:/ext/dev/workspace/eventbus-performance/results
	Report base dir:/ext/dev/workspace/eventbus-performance/results/Read Only High Concurrency/1475853703944/
	Delay after unsubscribing a single batch of listeners:0
	Batch size per publisher:1000
	Number of publisher threads:30
	Delay after subscribing a single batch of listeners:0
	Number of Unsubscriber threads:0
	Listener factory:ListenerFactory{1000 instances of SubTestEventListener | 1000 instances of AllEventsListener | 1000 instances of TestEventListener | }
	Number of batches to process with each publisher:10
	Eventbus:Guava Event Bus
	Number of Subscriber threads:0


##### COLLECTORS ########
handlers:testevent:[1475853685402|568, 1475853686357|568, 1475853687711|568, 1475853689233|568, 1475853690819|568, 1475853692265|568, 1475853693140|568, 1475853694585|568, 1475853695974|568, 1475853697138|568]
handlers:testevent:[1475853685402|568, 1475853686357|568, 1475853687711|568, 1475853689233|568, 1475853690819|568, 1475853692265|568, 1475853693140|568, 1475853694585|568, 1475853695974|568, 1475853697138|568]
handlers:testevent:[1475853685372|568, 1475853686784|568, 1475853688008|568, 1475853689633|568, 1475853691297|568, 1475853692617|568, 1475853693908|568, 1475853695586|568, 1475853697047|568, 1475853698338|568]
handlers:testevent:[1475853685492|568, 1475853686967|568, 1475853688279|568, 1475853689751|568, 1475853691385|568, 1475853693052|568, 1475853694441|568, 1475853696069|568, 1475853697414|568, 1475853698418|568]
handlers:testevent:[1475853685404|568, 1475853686741|568, 1475853687761|568, 1475853689258|568, 1475853690808|568, 1475853691881|568, 1475853693317|568, 1475853694538|568, 1475853695457|568, 1475853696851|568]
handlers:testevent:[1475853685429|568, 1475853686326|568, 1475853687574|568, 1475853689552|568, 1475853691352|568, 1475853693077|568, 1475853694433|568, 1475853696129|568, 1475853697441|568, 1475853698597|568]
handlers:testevent:[1475853685415|568, 1475853686737|568, 1475853688020|568, 1475853689648|568, 1475853691401|568, 1475853692909|568, 1475853694240|568, 1475853695996|568, 1475853697347|568, 1475853698356|568]
handlers:testevent:[1475853685571|568, 1475853686791|568, 1475853688178|568, 1475853689840|568, 1475853691404|568, 1475853692923|568, 1475853694316|568, 1475853696043|568, 1475853697038|568, 1475853698170|568]
handlers:testevent:[1475853685377|568, 1475853686494|568, 1475853687629|568, 1475853689224|568, 1475853690248|568, 1475853691690|568, 1475853693040|568, 1475853694259|568, 1475853695821|568, 1475853697042|568]
handlers:testevent:[1475853685474|568, 1475853686796|568, 1475853688228|568, 1475853689795|568, 1475853691263|568, 1475853692832|568, 1475853694308|568, 1475853696084|568, 1475853697756|568, 1475853698709|568]
handlers:testevent:[1475853685478|568, 1475853686662|568, 1475853688070|568, 1475853689333|568, 1475853691003|568, 1475853692479|568, 1475853694060|568, 1475853695213|568, 1475853696239|568, 1475853697568|568]
handlers:testevent:[1475853685546|568, 1475853687262|568, 1475853688354|568, 1475853689931|568, 1475853690993|568, 1475853692144|568, 1475853693635|568, 1475853694794|568, 1475853696430|568, 1475853697645|568]
handlers:testevent:[1475853685234|568, 1475853686487|568, 1475853688148|568, 1475853689695|568, 1475853690959|568, 1475853692534|568, 1475853694215|568, 1475853695401|568, 1475853697434|568, 1475853698554|568]
handlers:testevent:[1475853685559|568, 1475853686814|568, 1475853688246|568, 1475853689380|568, 1475853690813|568, 1475853692182|568, 1475853693180|568, 1475853694410|568, 1475853695887|568, 1475853697034|568]
handlers:testevent:[1475853685555|568, 1475853687214|568, 1475853688719|568, 1475853689892|568, 1475853691204|568, 1475853692724|568, 1475853694115|568, 1475853695767|568, 1475853697370|568, 1475853698517|568]
handlers:testevent:[1475853685362|568, 1475853687077|568, 1475853688385|568, 1475853689558|568, 1475853690854|568, 1475853692158|568, 1475853693249|568, 1475853695087|568, 1475853696845|568, 1475853698162|568]
handlers:testevent:[1475853685474|568, 1475853686837|568, 1475853688177|568, 1475853689480|568, 1475853690981|568, 1475853691847|568, 1475853693269|568, 1475853694782|568, 1475853696048|568, 1475853697381|568]
handlers:testevent:[1475853685454|568, 1475853686654|568, 1475853688288|568, 1475853689798|568, 1475853691091|568, 1475853692396|568, 1475853693391|568, 1475853694754|568, 1475853696261|568, 1475853697532|568]
handlers:testevent:[1475853685309|568, 1475853686946|568, 1475853688681|568, 1475853690530|568, 1475853691885|568, 1475853693166|568, 1475853694840|568, 1475853696416|568, 1475853698164|568, 1475853698860|568]
handlers:testevent:[1475853685381|568, 1475853686881|568, 1475853688385|568, 1475853689839|568, 1475853691221|568, 1475853692588|568, 1475853694383|568, 1475853696162|568, 1475853698033|568, 1475853698830|568]
handlers:testevent:[1475853685404|568, 1475853686813|568, 1475853688396|568, 1475853689729|568, 1475853691128|568, 1475853692483|568, 1475853693877|568, 1475853695358|568, 1475853696857|568, 1475853697956|568]
handlers:testevent:[1475853685332|568, 1475853686624|568, 1475853687840|568, 1475853689333|568, 1475853690295|568, 1475853691661|568, 1475853692659|568, 1475853694474|568, 1475853696330|568, 1475853697692|568]
handlers:testevent:[1475853685534|568, 1475853687191|568, 1475853688412|568, 1475853689647|568, 1475853691202|568, 1475853692310|568, 1475853693896|568, 1475853695312|568, 1475853696606|568, 1475853697737|568]
handlers:testevent:[1475853685384|568, 1475853686078|568, 1475853687136|568, 1475853688526|568, 1475853689789|568, 1475853691664|568, 1475853692834|568, 1475853693961|568, 1475853695448|568, 1475853697031|568]
handlers:testevent:[1475853685249|568, 1475853686447|568, 1475853687935|568, 1475853689228|568, 1475853690620|568, 1475853692166|568, 1475853693293|568, 1475853694388|568, 1475853695510|568, 1475853696690|568]
handlers:testevent:[1475853685581|568, 1475853687220|568, 1475853688299|568, 1475853689692|568, 1475853691163|568, 1475853692444|568, 1475853693748|568, 1475853695368|568, 1475853696851|568, 1475853697841|568]
handlers:testevent:[1475853685559|568, 1475853686869|568, 1475853688117|568, 1475853689345|568, 1475853690755|568, 1475853691926|568, 1475853693463|568, 1475853694747|568, 1475853696193|568, 1475853697433|568]
handlers:testevent:[1475853685294|568, 1475853686397|568, 1475853687709|568, 1475853688736|568, 1475853689943|568, 1475853691358|568, 1475853693125|568, 1475853694470|568, 1475853695610|568, 1475853696604|568]
handlers:testevent:[1475853685565|568, 1475853687350|568, 1475853688390|568, 1475853689708|568, 1475853691126|568, 1475853692841|568, 1475853694316|568, 1475853695973|568, 1475853697559|568, 1475853698492|568]
handlers:testevent:[1475853685557|568, 1475853686635|568, 1475853687968|568, 1475853689423|568, 1475853691094|568, 1475853692584|568, 1475853694008|568, 1475853695269|568, 1475853696417|568, 1475853697560|568]
handlers:testevent:[1475853685515|568, 1475853686943|568, 1475853688394|568, 1475853689946|568, 1475853691348|568, 1475853692947|568, 1475853694458|568, 1475853696105|568, 1475853697554|568, 1475853698684|568]
publish:subtestevent:[1475853686155|726, 1475853687263|937, 1475853688869|1295, 1475853691021|1469, 1475853692857|1505, 1475853694062|985, 1475853695599|1166, 1475853697141|1012, 1475853698380|939, 1475853698957|360]
publish:subtestevent:[1475853686155|726, 1475853687263|937, 1475853688869|1295, 1475853691021|1469, 1475853692857|1505, 1475853694062|985, 1475853695599|1166, 1475853697141|1012, 1475853698380|939, 1475853698957|360]
publish:subtestevent:[1475853686543|972, 1475853687902|1111, 1475853689438|1260, 1475853690946|1106, 1475853692418|1014, 1475853693984|1061, 1475853695540|1224, 1475853696788|745, 1475853698009|971, 1475853698842|672]
publish:subtestevent:[1475853686220|843, 1475853687294|800, 1475853688859|1230, 1475853690070|846, 1475853691366|1118, 1475853692756|1066, 1475853693916|876, 1475853695558|1299, 1475853696703|882, 1475853698105|1063]
publish:subtestevent:[1475853686439|965, 1475853687872|1076, 1475853689144|916, 1475853690974|1179, 1475853692482|1219, 1475853693976|1144, 1475853695588|1280, 1475853697504|1420, 1475853698617|861, 1475853698974|265]
publish:subtestevent:[1475853686108|630, 1475853687689|1027, 1475853688947|877, 1475853690672|1339, 1475853692216|1213, 1475853693736|1257, 1475853694993|933, 1475853695839|626, 1475853697287|1048, 1475853698499|931]
publish:subtestevent:[1475853686506|1091, 1475853687779|1042, 1475853689198|1178, 1475853691068|1420, 1475853692521|1120, 1475853693904|995, 1475853695606|1366, 1475853697108|1112, 1475853698244|897, 1475853698853|497]
publish:subtestevent:[1475853686926|1380, 1475853688105|843, 1475853689643|1289, 1475853690749|818, 1475853691892|899, 1475853693432|1288, 1475853694536|901, 1475853696316|1522, 1475853697378|948, 1475853698403|758]
publish:subtestevent:[1475853686299|1065, 1475853687720|1233, 1475853689049|901, 1475853690695|1000, 1475853692151|1192, 1475853693777|1243, 1475853695165|950, 1475853697215|1814, 1475853698384|950, 1475853698933|379]
publish:subtestevent:[1475853686645|1153, 1475853687952|985, 1475853689050|771, 1475853691189|1438, 1475853692797|1412, 1475853693939|887, 1475853695538|1097, 1475853697083|1014, 1475853698306|892, 1475853698940|522]
publish:subtestevent:[1475853686522|1150, 1475853687690|906, 1475853689089|1081, 1475853691027|1394, 1475853692326|1029, 1475853693615|998, 1475853695208|1300, 1475853696829|1243, 1475853698231|1184, 1475853698868|530]
publish:subtestevent:[1475853686130|728, 1475853687464|1107, 1475853688815|1104, 1475853690436|1203, 1475853692071|1252, 1475853692903|638, 1475853694392|1252, 1475853695662|1077, 1475853696714|740, 1475853698054|916]
publish:subtestevent:[1475853686346|787, 1475853687923|1109, 1475853688992|746, 1475853690478|1098, 1475853691890|1077, 1475853693026|844, 1475853694136|956, 1475853695597|1187, 1475853696764|877, 1475853697953|919]
publish:subtestevent:[1475853686476|1072, 1475853687585|844, 1475853688916|1155, 1475853690416|1158, 1475853691672|864, 1475853693091|1210, 1475853694164|847, 1475853695250|712, 1475853696557|1100, 1475853697863|1012]
publish:subtestevent:[1475853686953|1398, 1475853688471|1257, 1475853689612|893, 1475853690935|1043, 1475853692323|1119, 1475853693864|1140, 1475853695438|1323, 1475853696899|1132, 1475853698338|968, 1475853698953|436]
publish:subtestevent:[1475853686823|1461, 1475853688018|941, 1475853689381|996, 1475853690642|1084, 1475853691782|928, 1475853692853|695, 1475853694826|1577, 1475853696524|1437, 1475853697933|1088, 1475853698797|635]
publish:subtestevent:[1475853686494|1020, 1475853687921|1084, 1475853689182|1005, 1475853690357|877, 1475853691661|680, 1475853692923|1076, 1475853694575|1306, 1475853695652|870, 1475853697115|1067, 1475853698266|885]
publish:subtestevent:[1475853686309|855, 1475853687768|1114, 1475853689429|1141, 1475853690720|922, 1475853692020|929, 1475853693218|822, 1475853694511|1120, 1475853695742|988, 1475853697277|1016, 1475853698442|910]
publish:subtestevent:[1475853686565|1256, 1475853688471|1525, 1475853690097|1416, 1475853691685|1155, 1475853692918|1033, 1475853694595|1429, 1475853696102|1262, 1475853697877|1461, 1475853698769|605, 1475853699005|145]
publish:subtestevent:[1475853686298|917, 1475853687795|914, 1475853689281|896, 1475853690832|993, 1475853692150|929, 1475853693930|1342, 1475853695728|1345, 1475853697728|1566, 1475853698700|667, 1475853698994|164]
publish:subtestevent:[1475853686411|1007, 1475853688004|1191, 1475853689349|953, 1475853690756|1027, 1475853692209|1081, 1475853693581|1098, 1475853695014|1137, 1475853696519|1161, 1475853697777|920, 1475853698727|771]
publish:subtestevent:[1475853686184|852, 1475853687648|1024, 1475853689029|1189, 1475853690133|800, 1475853691388|1093, 1475853692494|833, 1475853693980|1321, 1475853696095|1621, 1475853697487|1157, 1475853698569|877]
publish:subtestevent:[1475853686865|1331, 1475853688058|867, 1475853689287|875, 1475853690719|1072, 1475853692073|871, 1475853693612|1302, 1475853695016|1120, 1475853696125|813, 1475853697557|951, 1475853698465|728]
publish:subtestevent:[1475853685924|540, 1475853686851|764, 1475853688361|1225, 1475853689386|860, 1475853691435|1646, 1475853692685|1021, 1475853693755|921, 1475853694991|1030, 1475853696691|1243, 1475853698041|1010]
publish:subtestevent:[1475853686155|906, 1475853687596|1149, 1475853688907|972, 1475853690341|1113, 1475853691854|1234, 1475853693023|857, 1475853694097|804, 1475853695217|829, 1475853696462|952, 1475853697862|1172]
publish:subtestevent:[1475853686866|1285, 1475853688072|852, 1475853689284|985, 1475853690779|1087, 1475853692051|888, 1475853693376|932, 1475853694995|1247, 1475853696543|1175, 1475853697719|868, 1475853698485|644]
publish:subtestevent:[1475853686498|939, 1475853687592|723, 1475853688971|854, 1475853690510|1165, 1475853691752|997, 1475853693296|1370, 1475853694520|1057, 1475853695928|1181, 1475853697161|968, 1475853698228|795]
publish:subtestevent:[1475853686190|896, 1475853687386|989, 1475853688565|856, 1475853689664|928, 1475853691058|1115, 1475853692750|1392, 1475853694016|891, 1475853695335|865, 1475853696360|750, 1475853697709|1105]
publish:subtestevent:[1475853687119|1554, 1475853688137|787, 1475853689145|755, 1475853690819|1111, 1475853692539|1413, 1475853693912|1071, 1475853695648|1332, 1475853697157|1184, 1475853698328|769, 1475853698892|400]
publish:subtestevent:[1475853686396|839, 1475853687598|963, 1475853688949|981, 1475853690735|1312, 1475853692386|1292, 1475853693758|1174, 1475853695020|1012, 1475853696204|935, 1475853697239|822, 1475853698412|852]
publish:subtestevent:[1475853686569|1054, 1475853688081|1138, 1475853689449|1055, 1475853690958|1012, 1475853692440|1092, 1475853694179|1232, 1475853695434|976, 1475853697049|944, 1475853698513|959, 1475853698985|301]
handlers:subtestevent:[1475853686543|1125, 1475853687902|1125, 1475853689438|1125, 1475853690946|1125, 1475853692418|1125, 1475853693984|1125, 1475853695540|1125, 1475853696788|1125, 1475853698009|1125, 1475853698842|1125]
handlers:subtestevent:[1475853686543|1125, 1475853687902|1125, 1475853689438|1125, 1475853690946|1125, 1475853692418|1125, 1475853693984|1125, 1475853695540|1125, 1475853696788|1125, 1475853698009|1125, 1475853698842|1125]
handlers:subtestevent:[1475853686220|1125, 1475853687294|1125, 1475853688859|1125, 1475853690070|1125, 1475853691369|1125, 1475853692756|1125, 1475853693916|1125, 1475853695558|1125, 1475853696703|1125, 1475853698105|1125]
handlers:subtestevent:[1475853686439|1125, 1475853687872|1125, 1475853689144|1125, 1475853690974|1125, 1475853692482|1125, 1475853693976|1125, 1475853695588|1125, 1475853697504|1125, 1475853698617|1125, 1475853698974|1125]
handlers:subtestevent:[1475853686108|1125, 1475853687689|1125, 1475853688947|1125, 1475853690672|1125, 1475853692216|1125, 1475853693736|1125, 1475853694993|1125, 1475853695839|1125, 1475853697287|1125, 1475853698499|1125]
handlers:subtestevent:[1475853686155|1125, 1475853687263|1125, 1475853688869|1125, 1475853691021|1125, 1475853692857|1125, 1475853694062|1125, 1475853695599|1125, 1475853697141|1125, 1475853698380|1125, 1475853698957|1125]
handlers:subtestevent:[1475853686506|1125, 1475853687779|1125, 1475853689198|1125, 1475853691068|1125, 1475853692521|1125, 1475853693904|1125, 1475853695606|1125, 1475853697108|1125, 1475853698244|1125, 1475853698853|1125]
handlers:subtestevent:[1475853686926|1125, 1475853688105|1125, 1475853689643|1125, 1475853690749|1125, 1475853691892|1125, 1475853693432|1125, 1475853694536|1125, 1475853696316|1125, 1475853697378|1125, 1475853698403|1125]
handlers:subtestevent:[1475853686299|1125, 1475853687720|1125, 1475853689049|1125, 1475853690695|1125, 1475853692151|1125, 1475853693777|1125, 1475853695165|1125, 1475853697215|1125, 1475853698384|1125, 1475853698933|1125]
handlers:subtestevent:[1475853686645|1125, 1475853687952|1125, 1475853689050|1125, 1475853691189|1125, 1475853692797|1125, 1475853693939|1125, 1475853695538|1125, 1475853697083|1125, 1475853698306|1125, 1475853698940|1125]
handlers:subtestevent:[1475853686522|1125, 1475853687690|1125, 1475853689089|1125, 1475853691027|1125, 1475853692326|1125, 1475853693615|1125, 1475853695208|1125, 1475853696829|1125, 1475853698231|1125, 1475853698868|1125]
handlers:subtestevent:[1475853686130|1125, 1475853687464|1125, 1475853688815|1125, 1475853690436|1125, 1475853692071|1125, 1475853692903|1125, 1475853694392|1125, 1475853695662|1125, 1475853696714|1125, 1475853698054|1125]
handlers:subtestevent:[1475853686346|1125, 1475853687923|1125, 1475853688992|1125, 1475853690478|1125, 1475853691890|1125, 1475853693026|1125, 1475853694136|1125, 1475853695597|1125, 1475853696764|1125, 1475853697953|1125]
handlers:subtestevent:[1475853686476|1125, 1475853687585|1125, 1475853688916|1125, 1475853690416|1125, 1475853691672|1125, 1475853693091|1125, 1475853694164|1125, 1475853695250|1125, 1475853696557|1125, 1475853697863|1125]
handlers:subtestevent:[1475853686953|1125, 1475853688471|1125, 1475853689612|1125, 1475853690935|1125, 1475853692323|1125, 1475853693864|1125, 1475853695438|1125, 1475853696899|1125, 1475853698338|1125, 1475853698953|1125]
handlers:subtestevent:[1475853686823|1125, 1475853688018|1125, 1475853689381|1125, 1475853690642|1125, 1475853691782|1125, 1475853692853|1125, 1475853694826|1125, 1475853696524|1125, 1475853697933|1125, 1475853698797|1125]
handlers:subtestevent:[1475853686494|1125, 1475853687921|1125, 1475853689182|1125, 1475853690357|1125, 1475853691661|1125, 1475853692923|1125, 1475853694575|1125, 1475853695652|1125, 1475853697115|1125, 1475853698266|1125]
handlers:subtestevent:[1475853686309|1125, 1475853687768|1125, 1475853689429|1125, 1475853690720|1125, 1475853692020|1125, 1475853693218|1125, 1475853694511|1125, 1475853695742|1125, 1475853697277|1125, 1475853698442|1125]
handlers:subtestevent:[1475853686565|1125, 1475853688471|1125, 1475853690097|1125, 1475853691685|1125, 1475853692918|1125, 1475853694595|1125, 1475853696102|1125, 1475853697877|1125, 1475853698769|1125, 1475853699005|1125]
handlers:subtestevent:[1475853686298|1125, 1475853687795|1125, 1475853689281|1125, 1475853690832|1125, 1475853692150|1125, 1475853693930|1125, 1475853695728|1125, 1475853697728|1125, 1475853698700|1125, 1475853698994|1125]
handlers:subtestevent:[1475853686411|1125, 1475853688004|1125, 1475853689349|1125, 1475853690756|1125, 1475853692209|1125, 1475853693581|1125, 1475853695014|1125, 1475853696519|1125, 1475853697777|1125, 1475853698727|1125]
handlers:subtestevent:[1475853686184|1125, 1475853687648|1125, 1475853689029|1125, 1475853690133|1125, 1475853691388|1125, 1475853692494|1125, 1475853693980|1125, 1475853696095|1125, 1475853697488|1125, 1475853698569|1125]
handlers:subtestevent:[1475853686865|1125, 1475853688058|1125, 1475853689287|1125, 1475853690719|1125, 1475853692073|1125, 1475853693612|1125, 1475853695016|1125, 1475853696125|1125, 1475853697557|1125, 1475853698465|1125]
handlers:subtestevent:[1475853685925|1125, 1475853686851|1125, 1475853688361|1125, 1475853689386|1125, 1475853691435|1125, 1475853692685|1125, 1475853693755|1125, 1475853694991|1125, 1475853696691|1125, 1475853698041|1125]
handlers:subtestevent:[1475853686155|1125, 1475853687596|1125, 1475853688907|1125, 1475853690341|1125, 1475853691854|1125, 1475853693023|1125, 1475853694097|1125, 1475853695217|1125, 1475853696462|1125, 1475853697862|1125]
handlers:subtestevent:[1475853686866|1125, 1475853688072|1125, 1475853689284|1125, 1475853690779|1125, 1475853692051|1125, 1475853693376|1125, 1475853694995|1125, 1475853696543|1125, 1475853697719|1125, 1475853698485|1125]
handlers:subtestevent:[1475853686498|1125, 1475853687592|1125, 1475853688971|1125, 1475853690510|1125, 1475853691752|1125, 1475853693296|1125, 1475853694520|1125, 1475853695928|1125, 1475853697161|1125, 1475853698228|1125]
handlers:subtestevent:[1475853686190|1125, 1475853687386|1125, 1475853688565|1125, 1475853689664|1125, 1475853691058|1125, 1475853692750|1125, 1475853694016|1125, 1475853695335|1125, 1475853696360|1125, 1475853697709|1125]
handlers:subtestevent:[1475853687119|1125, 1475853688137|1125, 1475853689145|1125, 1475853690819|1125, 1475853692539|1125, 1475853693912|1125, 1475853695648|1125, 1475853697157|1125, 1475853698328|1125, 1475853698892|1125]
handlers:subtestevent:[1475853686396|1125, 1475853687598|1125, 1475853688949|1125, 1475853690735|1125, 1475853692386|1125, 1475853693758|1125, 1475853695020|1125, 1475853696204|1125, 1475853697239|1125, 1475853698412|1125]
handlers:subtestevent:[1475853686569|1125, 1475853688081|1125, 1475853689449|1125, 1475853690958|1125, 1475853692440|1125, 1475853694179|1125, 1475853695434|1125, 1475853697049|1125, 1475853698513|1125, 1475853698985|1125]
publish:testevent:[1475853685402|488, 1475853686357|227, 1475853687709|245, 1475853689233|418, 1475853690819|383, 1475853692265|194, 1475853693140|237, 1475853694585|193, 1475853695974|312, 1475853697138|424]
publish:testevent:[1475853685402|488, 1475853686357|227, 1475853687709|245, 1475853689233|418, 1475853690819|383, 1475853692265|194, 1475853693140|237, 1475853694585|193, 1475853695974|312, 1475853697138|424]
publish:testevent:[1475853685372|452, 1475853686784|262, 1475853688008|318, 1475853689633|544, 1475853691297|269, 1475853692617|290, 1475853693908|293, 1475853695586|378, 1475853697047|218, 1475853698338|107]
publish:testevent:[1475853685492|577, 1475853686967|322, 1475853688279|327, 1475853689751|689, 1475853691385|196, 1475853693052|255, 1475853694441|502, 1475853696069|530, 1475853697414|330, 1475853698418|112]
publish:testevent:[1475853685404|485, 1475853686741|265, 1475853687761|176, 1475853689258|342, 1475853690808|392, 1475853691881|208, 1475853693317|226, 1475853694538|374, 1475853695457|207, 1475853696851|294]
publish:testevent:[1475853685429|512, 1475853686326|171, 1475853687574|311, 1475853689552|683, 1475853691352|331, 1475853693077|220, 1475853694433|371, 1475853696129|530, 1475853697441|299, 1475853698597|217]
publish:testevent:[1475853685415|499, 1475853686737|231, 1475853688020|241, 1475853689648|449, 1475853691401|332, 1475853692909|388, 1475853694240|331, 1475853695996|390, 1475853697347|239, 1475853698356|112]
publish:testevent:[1475853685571|652, 1475853686791|248, 1475853688178|276, 1475853689840|402, 1475853691404|457, 1475853692923|504, 1475853694316|332, 1475853696043|503, 1475853697038|250, 1475853698170|160]
publish:testevent:[1475853685377|457, 1475853686494|274, 1475853687629|335, 1475853689224|365, 1475853690248|178, 1475853691690|321, 1475853693040|283, 1475853694259|343, 1475853695821|263, 1475853697042|339]
publish:testevent:[1475853685474|562, 1475853686796|357, 1475853688228|356, 1475853689795|651, 1475853691263|289, 1475853692832|350, 1475853694308|332, 1475853696084|496, 1475853697756|252, 1475853698709|92]
publish:testevent:[1475853685478|559, 1475853686662|554, 1475853688070|381, 1475853689333|386, 1475853691003|331, 1475853692479|263, 1475853694060|324, 1475853695213|220, 1475853696239|400, 1475853697568|281]
publish:testevent:[1475853685546|631, 1475853687262|336, 1475853688354|249, 1475853689931|288, 1475853690993|243, 1475853692144|252, 1475853693635|203, 1475853694794|258, 1475853696430|114, 1475853697645|267]
publish:testevent:[1475853685234|318, 1475853686487|188, 1475853688148|427, 1475853689695|621, 1475853690959|264, 1475853692534|383, 1475853694215|438, 1475853695401|236, 1475853697434|219, 1475853698554|170]
publish:testevent:[1475853685559|645, 1475853686814|468, 1475853688246|323, 1475853689380|388, 1475853690813|335, 1475853692182|292, 1475853693180|154, 1475853694410|274, 1475853695887|290, 1475853697034|270]
publish:testevent:[1475853685555|644, 1475853687214|261, 1475853688719|248, 1475853689892|280, 1475853691204|269, 1475853692724|401, 1475853694115|251, 1475853695767|329, 1475853697370|471, 1475853698517|168]
publish:testevent:[1475853685362|443, 1475853687077|254, 1475853688385|367, 1475853689558|177, 1475853690854|212, 1475853692158|376, 1475853693249|396, 1475853695087|261, 1475853696845|321, 1475853698162|229]
publish:testevent:[1475853685474|554, 1475853686837|342, 1475853688177|256, 1475853689480|298, 1475853690981|602, 1475853691847|186, 1475853693269|346, 1475853694782|207, 1475853696048|396, 1475853697381|266]
publish:testevent:[1475853685453|546, 1475853686654|345, 1475853688288|520, 1475853689798|369, 1475853691091|371, 1475853692396|376, 1475853693391|173, 1475853694754|243, 1475853696261|519, 1475853697532|255]
publish:testevent:[1475853685309|394, 1475853686946|381, 1475853688681|210, 1475853690530|433, 1475853691885|200, 1475853693166|246, 1475853694840|245, 1475853696416|314, 1475853698164|287, 1475853698860|91]
publish:testevent:[1475853685381|464, 1475853686881|583, 1475853688385|590, 1475853689839|558, 1475853691221|389, 1475853692588|438, 1475853694383|453, 1475853696162|434, 1475853698033|305, 1475853698830|129]
publish:testevent:[1475853685404|468, 1475853686813|402, 1475853688396|392, 1475853689729|380, 1475853691128|372, 1475853692483|274, 1475853693877|295, 1475853695358|344, 1475853696857|338, 1475853697956|179]
publish:testevent:[1475853685332|425, 1475853686624|440, 1475853687840|192, 1475853689333|304, 1475853690295|162, 1475853691661|273, 1475853692659|165, 1475853694474|494, 1475853696330|234, 1475853697692|204]
publish:testevent:[1475853685534|626, 1475853687191|326, 1475853688412|354, 1475853689647|359, 1475853691202|483, 1475853692310|237, 1475853693896|284, 1475853695312|296, 1475853696606|481, 1475853697737|180]
publish:testevent:[1475853685384|449, 1475853686078|153, 1475853687136|285, 1475853688526|165, 1475853689789|402, 1475853691664|229, 1475853692834|149, 1475853693961|206, 1475853695448|457, 1475853697031|339]
publish:testevent:[1475853685249|299, 1475853686447|292, 1475853687935|339, 1475853689228|321, 1475853690620|279, 1475853692166|312, 1475853693293|266, 1475853694388|291, 1475853695510|293, 1475853696690|228]
publish:testevent:[1475853685581|623, 1475853687220|354, 1475853688299|226, 1475853689692|408, 1475853691163|384, 1475853692444|393, 1475853693748|372, 1475853695368|373, 1475853696851|308, 1475853697841|122]
publish:testevent:[1475853685559|600, 1475853686869|371, 1475853688117|525, 1475853689345|374, 1475853690755|245, 1475853691926|174, 1475853693463|167, 1475853694747|227, 1475853696193|265, 1475853697433|272]
publish:testevent:[1475853685294|325, 1475853686397|207, 1475853687709|323, 1475853688736|171, 1475853689943|279, 1475853691358|300, 1475853693125|375, 1475853694470|454, 1475853695610|275, 1475853696604|244]
publish:testevent:[1475853685565|582, 1475853687350|231, 1475853688390|253, 1475853689708|563, 1475853691126|307, 1475853692841|302, 1475853694316|404, 1475853695973|325, 1475853697559|402, 1475853698492|164]
publish:testevent:[1475853685557|574, 1475853686635|239, 1475853687968|370, 1475853689423|474, 1475853691094|359, 1475853692584|198, 1475853694008|250, 1475853695269|249, 1475853696417|213, 1475853697560|321]
publish:testevent:[1475853685515|526, 1475853686943|373, 1475853688394|313, 1475853689946|497, 1475853691348|390, 1475853692947|504, 1475853694458|279, 1475853696105|671, 1475853697554|505, 1475853698684|171]
